,DGS3MO,^IRX,DGS2,UUP,YM=F,ES=F,^GSPC,^RUT,JPY=X,PA=F,NQ=F,ZB=F,DGS10,MGC=F,LBS=F,GC=F,HO=F,ZN=F,BZ=F,CC=F,RB=F,ZO=F,CL=F,HE=F,BRLUSD=X,GF=F,ZC=F,CT=F,LE=F,NG=F,ZR=F,HG=F,SI=F,ZL=F,SB=F,AUDUSD=X,ZM=F,EURUSD=X,KC=F,PL=F,ZS=F,KE=F,GBPUSD=X,ZF=F,ZT=F,trending
DGS3MO,1.0,0.9998648549772646,0.9441421586249404,0.5375134619867128,0.3590502091635874,0.25765062734282956,0.25517025748160144,0.218050118018525,0.19901491380009909,0.17881641798222306,0.1536436708421325,0.152744636905176,0.05639358430262279,0.015968199478056413,-0.1445286994491272,-0.1455277644838934,-0.2139638533132789,-0.24603302925937354,-0.2535029581739471,-0.26310783703933616,-0.26534913644368857,-0.27403397961352893,-0.2740523000930307,-0.2928480591154696,-0.30289536862790634,-0.31042522944160517,-0.3341160535485166,-0.35358271820776876,-0.3757454573435372,-0.3829879780358162,-0.3883661622262902,-0.3883923938904014,-0.4447482610240384,-0.47447606997046127,-0.47449075790185763,-0.48019690489203426,-0.4927765116864581,-0.5004815346920289,-0.5032669511141096,-0.5292285216782733,-0.5468449022347576,-0.5900771918283532,-0.6120966123033729,-0.6258943120268529,-0.9530127684495063,
^IRX,0.9998648549772646,1.0,0.9447713380924999,0.5337778840450147,0.3594617457781743,0.2587887370365865,0.25342405604739904,0.21729834870494766,0.20344928900481915,0.17732937591461678,0.154651006280218,0.14643935591156584,0.059993192064675877,0.015680339668723405,-0.14351002608964533,-0.14438699915209288,-0.20398321653380547,-0.25318121790537296,-0.24621024107537004,-0.2628082851795455,-0.2549113703928664,-0.2682439471800058,-0.26649920991102677,-0.2838624788370662,-0.3013858929768897,-0.3048388929719709,-0.3281443858361155,-0.3439368668844962,-0.3695521788836702,-0.3581122933659932,-0.38131246295034404,-0.38356252220999265,-0.44211281506980055,-0.4647656994106111,-0.468327635930798,-0.4770292547288462,-0.48457142717511414,-0.5004099649667697,-0.4929611340461155,-0.5262824762796317,-0.5381390603918259,-0.5805607621240768,-0.6097546277626152,-0.6303062821209574,-0.9532207433440301,
DGS2,0.9441421586249404,0.9447713380924999,1.0,0.46989063623147864,0.21881354898693542,0.12368691984166896,0.12126045098301377,0.11255132315536352,0.3397969452639845,-0.017601630093048194,-0.003762336085116784,0.018564248024127275,0.25740774163675834,-0.12904628484298766,-0.29036623527126343,-0.408339805751051,-0.18278932764060787,-0.4635712299676729,-0.23613797883125506,-0.06319511673431524,-0.22481441554183618,-0.35516128841373623,-0.24754883250174406,-0.25794053238826636,-0.22731562032411815,-0.07132262011644822,-0.43581863678681343,-0.4048631255956259,-0.14632276011322076,-0.3366111058770484,-0.4907368706491939,-0.5067732682746461,-0.6021253823874563,-0.5584954815587265,-0.5006396937926697,-0.46366811744437647,-0.5333542975619664,-0.5232970602249881,-0.44432341071081755,-0.5050730080039466,-0.615011979233939,-0.6180428071574743,-0.4640547835271803,-0.813842707485964,-0.9973361958634924,
UUP,0.5375134619867128,0.5337778840450147,0.46989063623147864,1.0,0.7504868464046883,0.7200691504512919,0.7193336266016888,0.606204268847946,0.5922935348178034,0.6780766934779064,0.6806061569207317,0.7878381657254588,-0.5845044385351311,0.36035337019847274,0.2521515047749747,0.2278003770765281,-0.8431296059776378,0.3666065335961902,-0.8695602389004335,-0.08542542733645882,-0.8561302655902059,-0.3346809588250028,-0.8649107713657541,-0.6365664553794561,-0.8742075664561189,-0.345350545337929,-0.5338749067741667,-0.5406931571126822,-0.5143845128426473,-0.6483170554528939,-0.5717158975470079,-0.3742936046483885,-0.4748181384169065,-0.47155451886099387,-0.7201450234224268,-0.9276428736731362,-0.6972874523065143,-0.9329389362817037,-0.5848085876847906,-0.9211214601462437,-0.6984965197345151,-0.777687457449262,-0.909047693223781,-0.08356070349466381,-0.490911574782827,
YM=F,0.3590502091635874,0.3594617457781743,0.21881354898693542,0.7504868464046883,1.0,0.9930533547403972,0.992729362225232,0.9598870271391605,0.4698722954219262,0.9231739796209183,0.968411831292066,0.6439827063125232,-0.5409285710625833,0.5937913042474785,0.7236935552806023,0.501669908299678,-0.6134690470817881,0.3812396701312674,-0.6241792393354594,-0.12646988547023982,-0.5796551507983535,0.11985275294147274,-0.575694035018908,-0.23739225094178734,-0.8902482687026921,-0.39468033362416455,-0.24785517661864728,-0.06806120698742481,-0.4772192403033723,-0.2632315290528343,-0.36819822621650294,0.19760900170742704,-0.13124999234739604,0.00677173439656131,-0.411571211044269,-0.7400008646268952,-0.2970313418703907,-0.5677289627017328,-0.3693855951254262,-0.6759270166538066,-0.22837913313298208,-0.46565117903602404,-0.767090251895764,0.09877924307325625,-0.24756913581088663,
ES=F,0.25765062734282956,0.2587887370365865,0.12368691984166896,0.7200691504512919,0.9930533547403972,1.0,0.9999742501846242,0.9684498363093005,0.47863379757427166,0.9255885461556056,0.986499763513863,0.6553747898441028,-0.5656589590765642,0.6137628296057482,0.752376120719231,0.5244620728063784,-0.6199093674692083,0.4172947679694245,-0.6265543759744719,-0.08102274321539642,-0.5784262465522646,0.15588862234094034,-0.5738633951208457,-0.21848150547259246,-0.8952329938258706,-0.3569674599408574,-0.23661455290538455,-0.039193226205948964,-0.44113963606746864,-0.22152230644512463,-0.35159578563750254,0.23621124507393335,-0.10028519468367575,0.04475438583296701,-0.3794899924403894,-0.7221059874508358,-0.26216200911843235,-0.5406647080136594,-0.3219096546081499,-0.6527017125141726,-0.1907339080483058,-0.4208249086887755,-0.7233597045329471,0.16368511543935635,-0.15324990990380843,
^GSPC,0.25517025748160144,0.25342405604739904,0.12126045098301377,0.7193336266016888,0.992729362225232,0.9999742501846242,1.0,0.9684571364076332,0.476702849445339,0.9259239264897462,0.9867275178313638,0.6579543748494872,-0.5664320215174844,0.6140581489359812,0.7533780439736609,0.5246225174498284,-0.6255300688065907,0.42311729007040605,-0.6294967743827897,-0.07919526138397003,-0.583351110225271,0.15475321799736036,-0.5766882403308826,-0.22186790138085374,-0.8952433409354351,-0.3580966981138985,-0.2380808612626755,-0.04187997042800327,-0.44218510152790985,-0.23395978542373413,-0.3550496937489372,0.23647847717769035,-0.09895958177249603,0.04272890418225073,-0.3800300124574668,-0.721399891011621,-0.26494747166209914,-0.5386420949982387,-0.3254754853917472,-0.651609433665312,-0.192861191811373,-0.42382413155214105,-0.7216339180730859,0.17078311948858044,-0.14616144253327001,
^RUT,0.218050118018525,0.21729834870494766,0.11255132315536352,0.606204268847946,0.9598870271391605,0.9684498363093005,0.9684571364076332,1.0,0.4946563707465313,0.8592128298100716,0.9432643711392192,0.5010627244601282,-0.40335105156780815,0.560024902940107,0.7932076030903737,0.4274885929812361,-0.5065633160837347,0.27875100926294477,-0.5175848143549927,-0.022889785696506314,-0.4494337194589698,0.22061135106378987,-0.45481666110635843,-0.08748717008562942,-0.8237703413687368,-0.26587587434377175,-0.16059997124585265,0.07704782216319522,-0.3134764785021507,-0.13342947903410882,-0.3484550162539354,0.338061111980882,-0.08109062269586167,0.14198328427978385,-0.3034036343620888,-0.6328206730447823,-0.14532148466942404,-0.4476759490622261,-0.27432514959641935,-0.5356411158167675,-0.07113923066737472,-0.3390534976399404,-0.5966511722434937,0.10105300444363137,-0.13026232028084017,
JPY=X,0.19901491380009909,0.20344928900481915,0.3397969452639845,0.5922935348178034,0.4698722954219262,0.47863379757427166,0.476702849445339,0.4946563707465313,1.0,0.28044391406022573,0.3875379902523764,0.3068207102999902,-0.007226456447685262,0.24537428104986098,0.1523859945855456,-0.3784162480148673,-0.6103082554350627,-0.18621201834892284,-0.6582663331952643,0.4934153045886572,-0.5492554251560595,-0.24805899959001484,-0.5885337847230643,-0.22089777644375044,-0.6644538130704112,0.33357453715072016,-0.6771990847764374,-0.4287789328955651,0.16109716549900457,-0.17952393760675434,-0.6348215394797099,-0.40411216308635267,-0.7680050530706916,-0.4852112593259469,-0.7507324247904941,-0.7527394119331268,-0.4066092364876867,-0.6637872503623412,-0.4119252048967039,-0.6738551486851242,-0.5340351222888755,-0.6217382013092732,-0.36384942928959274,-0.41194406561014313,-0.3373105336203038,
PA=F,0.17881641798222306,0.17732937591461678,-0.017601630093048194,0.6780766934779064,0.9231739796209183,0.9255885461556056,0.9259239264897462,0.8592128298100716,0.28044391406022573,1.0,0.9434437424634929,0.7022674626992371,-0.6988472660215347,0.6350860343474138,0.78142393474445,0.6951152790670869,-0.6030147223422567,0.5986891028402396,-0.5909351932725988,-0.21842785903786027,-0.5852677559590701,0.10666734662128385,-0.5570173520726324,-0.23659423071823155,-0.8215788568209258,-0.49502365501566054,-0.1356241026493352,-0.062485045852662284,-0.556140483305641,-0.3316506047867127,-0.18350819282460454,0.2603605323854117,0.058765501524511835,0.08114885568647687,-0.32484276463465217,-0.6311298734728931,-0.18763391339032717,-0.4403727303267124,-0.32994162129370097,-0.5605349592202611,-0.11461031970647359,-0.3496945596379937,-0.7182635469200435,0.3627817102507752,-0.017135878849949833,
NQ=F,0.1536436708421325,0.154651006280218,-0.003762336085116784,0.6806061569207317,0.968411831292066,0.986499763513863,0.9867275178313638,0.9432643711392192,0.3875379902523764,0.9434437424634929,1.0,0.6949886844327312,-0.6507756312248354,0.6295359393865771,0.7807813860129493,0.6302336140777125,-0.6176122182277636,0.5316578054682725,-0.6127120223926783,-0.1279608496520331,-0.5776891416509173,0.18285919875019094,-0.5660262188092965,-0.23323339817408276,-0.8738397418864707,-0.4050541087270283,-0.17164923944879698,0.004067757976580998,-0.4832670084900473,-0.21756894469705146,-0.2837011917277358,0.2971039877948274,0.013415646296889365,0.10618407068091348,-0.3069002409590213,-0.6654448148468105,-0.2175918172794424,-0.48573645937065313,-0.27964801638562814,-0.6061637919644176,-0.13121823196869065,-0.35097650606801684,-0.702311055294027,0.3070055124206722,-0.02812116030316146,
ZB=F,0.152744636905176,0.14643935591156584,0.018564248024127275,0.7878381657254588,0.6439827063125232,0.6553747898441028,0.6579543748494872,0.5010627244601282,0.3068207102999902,0.7022674626992371,0.6949886844327312,1.0,-0.9156226734781832,0.529854525338439,0.36527423792205466,0.5684568623552716,-0.8825400018956744,0.7913175839383279,-0.8654767121294651,-0.1541368341053093,-0.8761028507645651,-0.32762411131155683,-0.8785632507184996,-0.6780606924291647,-0.8005449099222545,-0.47462345974473935,-0.34009743296337297,-0.4902421230769026,-0.6359734863834654,-0.612784851851989,-0.3902642754909629,-0.22615814524882513,-0.09125260854854303,-0.28986368063634255,-0.5001478423247255,-0.7088716313274823,-0.5032118321580058,-0.7040356626503579,-0.44804963521248287,-0.7453906465178463,-0.4735413885657679,-0.5476541649080061,-0.7931665242061303,0.4237359294731799,-0.042488666068864984,
DGS10,0.05639358430262279,0.059993192064675877,0.25740774163675834,-0.5845044385351311,-0.5409285710625833,-0.5656589590765642,-0.5664320215174844,-0.40335105156780815,-0.007226456447685262,-0.6988472660215347,-0.6507756312248354,-0.9156226734781832,1.0,-0.5484707827437131,-0.42492626577203374,-0.7878753937770041,0.6786005385541094,-0.9595276109320394,0.6451077172127874,0.30084447668274816,0.6890692522634607,0.12324127679599055,0.676216655150085,0.5685156284430877,0.6064488504969349,0.5547411089480551,0.05869653060461795,0.2879177396446317,0.641361579158236,0.47370680518125763,0.12136135995689434,-0.01779585589721861,-0.23048794229676997,0.033902513359173186,0.22366613630712745,0.43726903721212346,0.2845060982987014,0.4482017892372356,0.2570214543071451,0.4811303599289145,0.20291887480088078,0.2526835481569662,0.6456196968589392,-0.7026704724856323,-0.22492564816951655,
MGC=F,0.015968199478056413,0.015680339668723405,-0.12904628484298766,0.36035337019847274,0.5937913042474785,0.6137628296057482,0.6140581489359812,0.560024902940107,0.24537428104986098,0.6350860343474138,0.6295359393865771,0.529854525338439,-0.5484707827437131,1.0,0.5476721397598937,0.5085090461958234,-0.39141507523742475,0.5143361719201868,-0.3851113609024121,-0.07961309350378423,-0.37809490049086825,0.21991295932232904,-0.39116907032620024,-0.17831552833889877,-0.5885071062034126,-0.3445759603067441,-0.005884672227912989,-0.17801333954332396,-0.3586481947055121,-0.037984583431273804,-0.007795744900856497,0.17457668601730716,0.08360533800653246,0.04262503138628686,-0.3719791972196222,-0.3708760883635986,0.18051365423278917,-0.21267738861312555,-0.45349124899545895,-0.2999802638796976,0.10271258465832421,-0.02108739985221826,-0.4165128714807255,0.37757212209034147,0.10275380371220212,
LBS=F,-0.1445286994491272,-0.14351002608964533,-0.29036623527126343,0.2521515047749747,0.7236935552806023,0.752376120719231,0.7533780439736609,0.7932076030903737,0.1523859945855456,0.78142393474445,0.7807813860129493,0.36527423792205466,-0.42492626577203374,0.5476721397598937,1.0,0.6122637171753513,-0.27991171021945555,0.4227865740331552,-0.2631195685316952,-0.14476867227732432,-0.20702638743925933,0.2835132324914333,-0.21860143285916153,0.14468060187410356,-0.5464230875955945,-0.30925158773638,0.2232883610034023,0.24847998794602238,-0.2736165511800859,-0.05104427570781819,-0.055103076806186674,0.6151199566219444,0.3346355152488793,0.4907652525470188,0.014412311683372292,-0.24526311947061133,0.1694171184937531,-0.08013440628286458,-0.06733068093265185,-0.14107508256086446,0.3150772562822738,0.01109801610631817,-0.3076976947602473,0.4410647031760881,0.2695739378135984,
GC=F,-0.1455277644838934,-0.14438699915209288,-0.408339805751051,0.2278003770765281,0.501669908299678,0.5244620728063784,0.5246225174498284,0.4274885929812361,-0.3784162480148673,0.6951152790670869,0.6302336140777125,0.5684568623552716,-0.7878753937770041,0.5085090461958234,0.6122637171753513,1.0,-0.21901122075376958,0.8400994110910744,-0.17254982819712802,-0.50997632489269,-0.22940645780025604,0.26411865578435684,-0.20234955445214375,-0.19715172813667017,-0.33556382506187576,-0.6379018933433912,0.3591369612857508,0.2033767920596767,-0.607283993694644,-0.1544833052462148,0.21544614468467235,0.5263138741871667,0.680808926273199,0.43814350012706976,0.2151200111852604,-0.05472066824799805,0.07254547669715633,-0.007618038691496503,0.007730765413083897,-0.06050567599470692,0.2531453257461054,0.15212814389801102,-0.3975879602608993,0.784035996485743,0.36956930248570535,
HO=F,-0.2139638533132789,-0.20398321653380547,-0.18278932764060787,-0.8431296059776378,-0.6134690470817881,-0.6199093674692083,-0.6255300688065907,-0.5065633160837347,-0.6103082554350627,-0.6030147223422567,-0.6176122182277636,-0.8825400018956744,0.6786005385541094,-0.39141507523742475,-0.27991171021945555,-0.21901122075376958,1.0,-0.5090938420600566,0.9914950472800543,-0.08769796325214645,0.967158948717426,0.5273270004450981,0.974089855402359,0.6484243581845828,0.8658065142864622,0.24191695502989435,0.6118136850586999,0.6347786029617277,0.4476829946926371,0.6871107039578241,0.594185943681007,0.45650498368274967,0.4333899647404847,0.528226685285399,0.7131193476241922,0.864010458992641,0.5964141377518267,0.8196958200403457,0.5568894993552461,0.877317604478727,0.6577054923629475,0.7597602497015623,0.758895644468552,-0.12851885606316557,0.18612956656508328,
ZN=F,-0.24603302925937354,-0.25318121790537296,-0.4635712299676729,0.3666065335961902,0.3812396701312674,0.4172947679694245,0.42311729007040605,0.27875100926294477,-0.18621201834892284,0.5986891028402396,0.5316578054682725,0.7913175839383279,-0.9595276109320394,0.5143361719201868,0.4227865740331552,0.8400994110910744,-0.5090938420600566,1.0,-0.46081814350857164,-0.34264935390789353,-0.5180564850998907,-0.035708265806814105,-0.4981366119941262,-0.46731620220449827,-0.4215539934960397,-0.567239466628525,0.1308830348985363,-0.13630545611047332,-0.6010077040937649,-0.36726731804311713,0.06905631313072631,0.1548930963474203,0.4312416152208915,0.12920505790288186,-0.03332359877660072,-0.20768807582134252,-0.08396417155720638,-0.21865132320236486,-0.16876658890387905,-0.2488471074195847,0.01243371105533863,-0.037236113944165324,-0.4578954744073683,0.8628078334330832,0.4380386485451058,
BZ=F,-0.2535029581739471,-0.24621024107537004,-0.23613797883125506,-0.8695602389004335,-0.6241792393354594,-0.6265543759744719,-0.6294967743827897,-0.5175848143549927,-0.6582663331952643,-0.5909351932725988,-0.6127120223926783,-0.8654767121294651,0.6451077172127874,-0.3851113609024121,-0.2631195685316952,-0.17254982819712802,0.9914950472800543,-0.46081814350857164,1.0,-0.0883725458170412,0.9721198581976974,0.519121580839268,0.9829164236602703,0.6666599246752188,0.8761266673877603,0.22029160522745062,0.6285308900302253,0.6495918013422495,0.4258046877605714,0.6691557778445552,0.6225889027620611,0.4731251834614947,0.48493277612422986,0.5438189180307501,0.7423130695552349,0.893818173504357,0.6223019459419786,0.8602321769012953,0.5655983429097372,0.9015353977331295,0.6848011963383345,0.7818874994910378,0.7767826732077106,-0.06633903368233425,0.2423988947111949,
CC=F,-0.26310783703933616,-0.2628082851795455,-0.06319511673431524,-0.08542542733645882,-0.12646988547023982,-0.08102274321539642,-0.07919526138397003,-0.022889785696506314,0.4934153045886572,-0.21842785903786027,-0.1279608496520331,-0.1541368341053093,0.30084447668274816,-0.07961309350378423,-0.14476867227732432,-0.50997632489269,-0.08769796325214645,-0.34264935390789353,-0.0883725458170412,1.0,-0.032062926235996714,-0.09724826571071014,-0.0342139134169021,0.18605033952444702,-0.050896275209541146,0.7439390805046572,-0.4003989362386904,-0.21844407999268942,0.6854362576768512,0.15498199271729812,-0.32614505336784655,-0.2769016172684144,-0.40786299113767926,-0.2965123865098066,-0.1862063286408417,-0.12539227733403976,0.021829884972333045,-0.05985856735441047,0.13795855806880727,-0.030066174108442006,-0.15807378931346702,-0.0842992299984547,0.39334817264089106,-0.2959194688405072,0.08684497667795314,
RB=F,-0.26534913644368857,-0.2549113703928664,-0.22481441554183618,-0.8561302655902059,-0.5796551507983535,-0.5784262465522646,-0.583351110225271,-0.4494337194589698,-0.5492554251560595,-0.5852677559590701,-0.5776891416509173,-0.8761028507645651,0.6890692522634607,-0.37809490049086825,-0.20702638743925933,-0.22940645780025604,0.967158948717426,-0.5180564850998907,0.9721198581976974,-0.032062926235996714,1.0,0.5254086218992768,0.9680956064482205,0.7398023558535248,0.8352126270182366,0.27514674898552305,0.6292030793365998,0.6775038369395306,0.4738681793856268,0.6855058667580599,0.5491114031159074,0.49572719462600345,0.43191125845908895,0.5839736732693974,0.7121093726163129,0.8629603641351045,0.6326651283209964,0.8182794169246619,0.5645382490035868,0.882336868596846,0.7104501390094372,0.7610065437077341,0.7817899406244742,-0.11186074629572644,0.23266331054670975,
ZO=F,-0.27403397961352893,-0.2682439471800058,-0.35516128841373623,-0.3346809588250028,0.11985275294147274,0.15588862234094034,0.15475321799736036,0.22061135106378987,-0.24805899959001484,0.10666734662128385,0.18285919875019094,-0.32762411131155683,0.12324127679599055,0.21991295932232904,0.2835132324914333,0.26411865578435684,0.5273270004450981,-0.035708265806814105,0.519121580839268,-0.09724826571071014,0.5254086218992768,1.0,0.5368042184401539,0.4897969970594411,0.16998134086261465,-0.039746666920068105,0.5015885819225356,0.7291346847515954,0.14077441990824183,0.7604836171783086,0.548270023661429,0.7142880365952118,0.38539685435987586,0.6593275571773134,0.4783253882758051,0.3456746360442162,0.5236803591823977,0.4863224732261751,0.45397976220985775,0.4137459679502007,0.6316464595440097,0.6407189639133491,0.2806371265611697,0.21636774280381021,0.3309148228090789,
CL=F,-0.2740523000930307,-0.26649920991102677,-0.24754883250174406,-0.8649107713657541,-0.575694035018908,-0.5738633951208457,-0.5766882403308826,-0.45481666110635843,-0.5885337847230643,-0.5570173520726324,-0.5660262188092965,-0.8785632507184996,0.676216655150085,-0.39116907032620024,-0.21860143285916153,-0.20234955445214375,0.974089855402359,-0.4981366119941262,0.9829164236602703,-0.0342139134169021,0.9680956064482205,0.5368042184401539,1.0,0.7199916347743582,0.8339229057544593,0.26050528263187217,0.5670608194385209,0.6857675874235698,0.4498760849229791,0.7012124587791375,0.599735436636726,0.4801665720727766,0.43224825560940605,0.5429400461750136,0.7269930390945836,0.8514856249298968,0.619785396263087,0.8688959826390524,0.5791854228552755,0.8731022106525919,0.6793463566441018,0.7430546567906585,0.7744912207997825,-0.09436022315448271,0.2542006462624203,
HE=F,-0.2928480591154696,-0.2838624788370662,-0.25794053238826636,-0.6365664553794561,-0.23739225094178734,-0.21848150547259246,-0.22186790138085374,-0.08748717008562942,-0.22089777644375044,-0.23659423071823155,-0.23323339817408276,-0.6780606924291647,0.5685156284430877,-0.17831552833889877,0.14468060187410356,-0.19715172813667017,0.6484243581845828,-0.46731620220449827,0.6666599246752188,0.18605033952444702,0.7398023558535248,0.4897969970594411,0.7199916347743582,1.0,0.46001045949271074,0.33840844647086443,0.43153435391622846,0.5595986767477076,0.4682590067365859,0.6073830304130196,0.3725249871814389,0.5020274671823238,0.21706758502768708,0.5328786751815102,0.4890574173096917,0.5379721153075613,0.6035498845452704,0.6628569274111115,0.5193912211472724,0.6100160894190526,0.646408218057805,0.5630068326108981,0.62546882026351,-0.11168760668879149,0.25858246332321744,
BRLUSD=X,-0.30289536862790634,-0.3013858929768897,-0.22731562032411815,-0.8742075664561189,-0.8902482687026921,-0.8952329938258706,-0.8952433409354351,-0.8237703413687368,-0.6644538130704112,-0.8215788568209258,-0.8738397418864707,-0.8005449099222545,0.6064488504969349,-0.5885071062034126,-0.5464230875955945,-0.33556382506187576,0.8658065142864622,-0.4215539934960397,0.8761266673877603,-0.050896275209541146,0.8352126270182366,0.16998134086261465,0.8339229057544593,0.46001045949271074,1.0,0.30430884205405484,0.5008423564639227,0.3818480338635954,0.46304639223254535,0.4588866451209476,0.5151308173763882,0.15036494295462,0.3662320250303344,0.3022706859284406,0.6626207601536362,0.9199014088408602,0.45146865780429424,0.7698785586857263,0.5477300668904126,0.8633370860968549,0.4780874459803356,0.6592830014779778,0.8120158333709575,-0.07226824906185497,0.24935143636176324,
GF=F,-0.31042522944160517,-0.3048388929719709,-0.07132262011644822,-0.345350545337929,-0.39468033362416455,-0.3569674599408574,-0.3580966981138985,-0.26587587434377175,0.33357453715072016,-0.49502365501566054,-0.4050541087270283,-0.47462345974473935,0.5547411089480551,-0.3445759603067441,-0.30925158773638,-0.6379018933433912,0.24191695502989435,-0.567239466628525,0.22029160522745062,0.7439390805046572,0.27514674898552305,-0.039746666920068105,0.26050528263187217,0.33840844647086443,0.30430884205405484,1.0,-0.2672891394373861,-0.10663092319253292,0.9048591523521585,0.33697764661487756,-0.26830846739204706,-0.13635183658187774,-0.2956784472567707,-0.17695918782504458,0.001177035788815181,0.19119813276990824,0.04257739164143707,0.149945608791115,0.4037087762352494,0.23990133707789627,-0.080700884736741,0.07980737532961099,0.6140932494235568,-0.41470033283835217,0.09962594251271512,
ZC=F,-0.3341160535485166,-0.3281443858361155,-0.43581863678681343,-0.5338749067741667,-0.24785517661864728,-0.23661455290538455,-0.2380808612626755,-0.16059997124585265,-0.6771990847764374,-0.1356241026493352,-0.17164923944879698,-0.34009743296337297,0.05869653060461795,-0.005884672227912989,0.2232883610034023,0.3591369612857508,0.6118136850586999,0.1308830348985363,0.6285308900302253,-0.4003989362386904,0.6292030793365998,0.5015885819225356,0.5670608194385209,0.43153435391622846,0.5008423564639227,-0.2672891394373861,1.0,0.6327924179421255,-0.00554247435396134,0.3575408744712221,0.5733123068239582,0.7148986201135344,0.7875716073742202,0.8553830523149888,0.751524161831286,0.7107432565810868,0.6269039975132623,0.5529828259633013,0.38466100638344786,0.7061825041515762,0.8359874807061547,0.8180000215172504,0.4041649189291159,0.4543761111850218,0.4277368854777251,
CT=F,-0.35358271820776876,-0.3439368668844962,-0.4048631255956259,-0.5406931571126822,-0.06806120698742481,-0.039193226205948964,-0.04187997042800327,0.07704782216319522,-0.4287789328955651,-0.062485045852662284,0.004067757976580998,-0.4902421230769026,0.2879177396446317,-0.17801333954332396,0.24847998794602238,0.2033767920596767,0.6347786029617277,-0.13630545611047332,0.6495918013422495,-0.21844407999268942,0.6775038369395306,0.7291346847515954,0.6857675874235698,0.5595986767477076,0.3818480338635954,-0.10663092319253292,0.6327924179421255,1.0,0.10678392515788321,0.642040448427186,0.5594841549880045,0.7698528595325504,0.542402377847132,0.7996234011777542,0.7476010291467436,0.5530725582905536,0.5534078302340082,0.6381138260093631,0.530779608973279,0.5859317716640573,0.7432964981449734,0.6684404048227401,0.4123094009030123,0.22457083779623777,0.3941541011948612,
LE=F,-0.3757454573435372,-0.3695521788836702,-0.14632276011322076,-0.5143845128426473,-0.4772192403033723,-0.44113963606746864,-0.44218510152790985,-0.3134764785021507,0.16109716549900457,-0.556140483305641,-0.4832670084900473,-0.6359734863834654,0.641361579158236,-0.3586481947055121,-0.2736165511800859,-0.607283993694644,0.4476829946926371,-0.6010077040937649,0.4258046877605714,0.6854362576768512,0.4738681793856268,0.14077441990824183,0.4498760849229791,0.4682590067365859,0.46304639223254535,0.9048591523521585,-0.00554247435396134,0.10678392515788321,1.0,0.4726929911912945,-0.10394514618563569,0.031092686598726434,-0.12178518365821885,0.04793657447681555,0.22867902353739247,0.39534378774224016,0.24650372238283608,0.3276846860423462,0.4935822170258408,0.4642635866610003,0.16404485213331,0.31444921455311864,0.7585387144679464,-0.35104005028944757,0.17252985809319735,
NG=F,-0.3829879780358162,-0.3581122933659932,-0.3366111058770484,-0.6483170554528939,-0.2632315290528343,-0.22152230644512463,-0.23395978542373413,-0.13342947903410882,-0.17952393760675434,-0.3316506047867127,-0.21756894469705146,-0.612784851851989,0.47370680518125763,-0.037984583431273804,-0.05104427570781819,-0.1544833052462148,0.6871107039578241,-0.36726731804311713,0.6691557778445552,0.15498199271729812,0.6855058667580599,0.7604836171783086,0.7012124587791375,0.6073830304130196,0.4588866451209476,0.33697764661487756,0.3575408744712221,0.642040448427186,0.4726929911912945,1.0,0.4699468932171397,0.4764535080363763,0.2182547601906686,0.464452312057891,0.4802900956723484,0.534519345026205,0.5704480474345474,0.656896681484627,0.5509633212899758,0.5567153391864267,0.5760003992809694,0.6738647346182529,0.6035770608453598,-0.03636624846845558,0.3123617016492798,
ZR=F,-0.3883661622262902,-0.38131246295034404,-0.4907368706491939,-0.5717158975470079,-0.36819822621650294,-0.35159578563750254,-0.3550496937489372,-0.3484550162539354,-0.6348215394797099,-0.18350819282460454,-0.2837011917277358,-0.3902642754909629,0.12136135995689434,-0.007795744900856497,-0.055103076806186674,0.21544614468467235,0.594185943681007,0.06905631313072631,0.6225889027620611,-0.32614505336784655,0.5491114031159074,0.548270023661429,0.599735436636726,0.3725249871814389,0.5151308173763882,-0.26830846739204706,0.5733123068239582,0.5594841549880045,-0.10394514618563569,0.4699468932171397,1.0,0.4051418682095027,0.47869607785205187,0.4999837419621007,0.5424663617474702,0.6004611689339299,0.6132163642107668,0.7038966987658624,0.316756420376857,0.6166689116860057,0.661176743685676,0.700714041423976,0.40636146566570397,0.3810709800747941,0.46379260020798957,
HG=F,-0.3883923938904014,-0.38356252220999265,-0.5067732682746461,-0.3742936046483885,0.19760900170742704,0.23621124507393335,0.23647847717769035,0.338061111980882,-0.40411216308635267,0.2603605323854117,0.2971039877948274,-0.22615814524882513,-0.01779585589721861,0.17457668601730716,0.6151199566219444,0.5263138741871667,0.45650498368274967,0.1548930963474203,0.4731251834614947,-0.2769016172684144,0.49572719462600345,0.7142880365952118,0.4801665720727766,0.5020274671823238,0.15036494295462,-0.13635183658187774,0.7148986201135344,0.7698528595325504,0.031092686598726434,0.4764535080363763,0.4051418682095027,1.0,0.7442228780031158,0.9120215110589,0.6611601551370228,0.4559216563830738,0.5271115605651115,0.5009797204987084,0.4567766128893176,0.5150188189891715,0.7631951936573876,0.6413356590296099,0.2622517422844169,0.45986804898123607,0.4944535330398976,
SI=F,-0.4447482610240384,-0.44211281506980055,-0.6021253823874563,-0.4748181384169065,-0.13124999234739604,-0.10028519468367575,-0.09895958177249603,-0.08109062269586167,-0.7680050530706916,0.058765501524511835,0.013415646296889365,-0.09125260854854303,-0.23048794229676997,0.08360533800653246,0.3346355152488793,0.680808926273199,0.4333899647404847,0.4312416152208915,0.48493277612422986,-0.40786299113767926,0.43191125845908895,0.38539685435987586,0.43224825560940605,0.21706758502768708,0.3662320250303344,-0.2956784472567707,0.7875716073742202,0.542402377847132,-0.12178518365821885,0.2182547601906686,0.47869607785205187,0.7442228780031158,1.0,0.7596461127141197,0.7454928226552747,0.644465838988887,0.47929891161736243,0.5578565181470848,0.40242449920776824,0.6370080774891579,0.6908040193525484,0.6746578825372972,0.3053534305533028,0.6947922500158918,0.5919641599364736,
ZL=F,-0.47447606997046127,-0.4647656994106111,-0.5584954815587265,-0.47155451886099387,0.00677173439656131,0.04475438583296701,0.04272890418225073,0.14198328427978385,-0.4852112593259469,0.08114885568647687,0.10618407068091348,-0.28986368063634255,0.033902513359173186,0.04262503138628686,0.4907652525470188,0.43814350012706976,0.528226685285399,0.12920505790288186,0.5438189180307501,-0.2965123865098066,0.5839736732693974,0.6593275571773134,0.5429400461750136,0.5328786751815102,0.3022706859284406,-0.17695918782504458,0.8553830523149888,0.7996234011777542,0.04793657447681555,0.464452312057891,0.4999837419621007,0.9120215110589,0.7596461127141197,1.0,0.7725954373285163,0.5740570096634278,0.5693959455988158,0.5347207427227126,0.5152342994309409,0.6178942251632923,0.8528288636219965,0.7358739838685108,0.3617832491599894,0.48410086586980333,0.5417696936335884,
SB=F,-0.47449075790185763,-0.468327635930798,-0.5006396937926697,-0.7201450234224268,-0.411571211044269,-0.3794899924403894,-0.3800300124574668,-0.3034036343620888,-0.7507324247904941,-0.32484276463465217,-0.3069002409590213,-0.5001478423247255,0.22366613630712745,-0.3719791972196222,0.014412311683372292,0.2151200111852604,0.7131193476241922,-0.03332359877660072,0.7423130695552349,-0.1862063286408417,0.7121093726163129,0.4783253882758051,0.7269930390945836,0.4890574173096917,0.6626207601536362,0.001177035788815181,0.751524161831286,0.7476010291467436,0.22867902353739247,0.4802900956723484,0.5424663617474702,0.6611601551370228,0.7454928226552747,0.7725954373285163,1.0,0.8061793758300664,0.498403541296211,0.7117933295051474,0.7376794348142169,0.7810416359629702,0.710367309864295,0.7731713539477327,0.6067206709329342,0.3383629988985923,0.4971262386902484,
AUDUSD=X,-0.48019690489203426,-0.4770292547288462,-0.46366811744437647,-0.9276428736731362,-0.7400008646268952,-0.7221059874508358,-0.721399891011621,-0.6328206730447823,-0.7527394119331268,-0.6311298734728931,-0.6654448148468105,-0.7088716313274823,0.43726903721212346,-0.3708760883635986,-0.24526311947061133,-0.05472066824799805,0.864010458992641,-0.20768807582134252,0.893818173504357,-0.12539227733403976,0.8629603641351045,0.3456746360442162,0.8514856249298968,0.5379721153075613,0.9199014088408602,0.19119813276990824,0.7107432565810868,0.5530725582905536,0.39534378774224016,0.534519345026205,0.6004611689339299,0.4559216563830738,0.644465838988887,0.5740570096634278,0.8061793758300664,1.0,0.6295396647565656,0.8701697043612182,0.5953348001149797,0.9561549192044034,0.7167251651084386,0.8339056404181606,0.8204793975622108,0.21112002344973593,0.47857109839390094,
ZM=F,-0.4927765116864581,-0.48457142717511414,-0.5333542975619664,-0.6972874523065143,-0.2970313418703907,-0.26216200911843235,-0.26494747166209914,-0.14532148466942404,-0.4066092364876867,-0.18763391339032717,-0.2175918172794424,-0.5032118321580058,0.2845060982987014,0.18051365423278917,0.1694171184937531,0.07254547669715633,0.5964141377518267,-0.08396417155720638,0.6223019459419786,0.021829884972333045,0.6326651283209964,0.5236803591823977,0.619785396263087,0.6035498845452704,0.45146865780429424,0.04257739164143707,0.6269039975132623,0.5534078302340082,0.24650372238283608,0.5704480474345474,0.6132163642107668,0.5271115605651115,0.47929891161736243,0.5693959455988158,0.498403541296211,0.6295396647565656,1.0,0.7519521551925541,0.2505012602791323,0.7112529964753163,0.9029858428475744,0.7897710405640107,0.6057699459054232,0.296275679569307,0.529885510064643,
EURUSD=X,-0.5004815346920289,-0.5004099649667697,-0.5232970602249881,-0.9329389362817037,-0.5677289627017328,-0.5406647080136594,-0.5386420949982387,-0.4476759490622261,-0.6637872503623412,-0.4403727303267124,-0.48573645937065313,-0.7040356626503579,0.4482017892372356,-0.21267738861312555,-0.08013440628286458,-0.007618038691496503,0.8196958200403457,-0.21865132320236486,0.8602321769012953,-0.05985856735441047,0.8182794169246619,0.4863224732261751,0.8688959826390524,0.6628569274111115,0.7698785586857263,0.149945608791115,0.5529828259633013,0.6381138260093631,0.3276846860423462,0.656896681484627,0.7038966987658624,0.5009797204987084,0.5578565181470848,0.5347207427227126,0.7117933295051474,0.8701697043612182,0.7519521551925541,1.0,0.5481976545521744,0.8791039888227098,0.7617065629164758,0.7811821258230904,0.7788529376790986,0.21354132227225947,0.5337806659904275,
KC=F,-0.5032669511141096,-0.4929611340461155,-0.44432341071081755,-0.5848085876847906,-0.3693855951254262,-0.3219096546081499,-0.3254754853917472,-0.27432514959641935,-0.4119252048967039,-0.32994162129370097,-0.27964801638562814,-0.44804963521248287,0.2570214543071451,-0.45349124899545895,-0.06733068093265185,0.007730765413083897,0.5568894993552461,-0.16876658890387905,0.5655983429097372,0.13795855806880727,0.5645382490035868,0.45397976220985775,0.5791854228552755,0.5193912211472724,0.5477300668904126,0.4037087762352494,0.38466100638344786,0.530779608973279,0.4935822170258408,0.5509633212899758,0.316756420376857,0.4567766128893176,0.40242449920776824,0.5152342994309409,0.7376794348142169,0.5953348001149797,0.2505012602791323,0.5481976545521744,1.0,0.5750119262185379,0.41497375513510587,0.5567876855350874,0.6168378641102866,0.12366614427952353,0.43354375124814676,
PL=F,-0.5292285216782733,-0.5262824762796317,-0.5050730080039466,-0.9211214601462437,-0.6759270166538066,-0.6527017125141726,-0.651609433665312,-0.5356411158167675,-0.6738551486851242,-0.5605349592202611,-0.6061637919644176,-0.7453906465178463,0.4811303599289145,-0.2999802638796976,-0.14107508256086446,-0.06050567599470692,0.877317604478727,-0.2488471074195847,0.9015353977331295,-0.030066174108442006,0.882336868596846,0.4137459679502007,0.8731022106525919,0.6100160894190526,0.8633370860968549,0.23990133707789627,0.7061825041515762,0.5859317716640573,0.4642635866610003,0.5567153391864267,0.6166689116860057,0.5150188189891715,0.6370080774891579,0.6178942251632923,0.7810416359629702,0.9561549192044034,0.7112529964753163,0.8791039888227098,0.5750119262185379,1.0,0.784521467950361,0.8494987547175104,0.8571867626612677,0.1996277401527659,0.5200564108231931,
ZS=F,-0.5468449022347576,-0.5381390603918259,-0.615011979233939,-0.6984965197345151,-0.22837913313298208,-0.1907339080483058,-0.192861191811373,-0.07113923066737472,-0.5340351222888755,-0.11461031970647359,-0.13121823196869065,-0.4735413885657679,0.20291887480088078,0.10271258465832421,0.3150772562822738,0.2531453257461054,0.6577054923629475,0.01243371105533863,0.6848011963383345,-0.15807378931346702,0.7104501390094372,0.6316464595440097,0.6793463566441018,0.646408218057805,0.4780874459803356,-0.080700884736741,0.8359874807061547,0.7432964981449734,0.16404485213331,0.5760003992809694,0.661176743685676,0.7631951936573876,0.6908040193525484,0.8528288636219965,0.710367309864295,0.7167251651084386,0.9029858428475744,0.7617065629164758,0.41497375513510587,0.784521467950361,1.0,0.8683193201644634,0.578525491133706,0.4344645892562029,0.607029610986636,
KE=F,-0.5900771918283532,-0.5805607621240768,-0.6180428071574743,-0.777687457449262,-0.46565117903602404,-0.4208249086887755,-0.42382413155214105,-0.3390534976399404,-0.6217382013092732,-0.3496945596379937,-0.35097650606801684,-0.5476541649080061,0.2526835481569662,-0.02108739985221826,0.01109801610631817,0.15212814389801102,0.7597602497015623,-0.037236113944165324,0.7818874994910378,-0.0842992299984547,0.7610065437077341,0.6407189639133491,0.7430546567906585,0.5630068326108981,0.6592830014779778,0.07980737532961099,0.8180000215172504,0.6684404048227401,0.31444921455311864,0.6738647346182529,0.700714041423976,0.6413356590296099,0.6746578825372972,0.7358739838685108,0.7731713539477327,0.8339056404181606,0.7897710405640107,0.7811821258230904,0.5567876855350874,0.8494987547175104,0.8683193201644634,1.0,0.7073219458206933,0.38964030580005987,0.6100091627104509,
GBPUSD=X,-0.6120966123033729,-0.6097546277626152,-0.4640547835271803,-0.909047693223781,-0.767090251895764,-0.7233597045329471,-0.7216339180730859,-0.5966511722434937,-0.36384942928959274,-0.7182635469200435,-0.702311055294027,-0.7931665242061303,0.6456196968589392,-0.4165128714807255,-0.3076976947602473,-0.3975879602608993,0.758895644468552,-0.4578954744073683,0.7767826732077106,0.39334817264089106,0.7817899406244742,0.2806371265611697,0.7744912207997825,0.62546882026351,0.8120158333709575,0.6140932494235568,0.4041649189291159,0.4123094009030123,0.7585387144679464,0.6035770608453598,0.40636146566570397,0.2622517422844169,0.3053534305533028,0.3617832491599894,0.6067206709329342,0.8204793975622108,0.6057699459054232,0.7788529376790986,0.6168378641102866,0.8571867626612677,0.578525491133706,0.7073219458206933,1.0,-0.019448712033800556,0.4927928413864592,
ZF=F,-0.6258943120268529,-0.6303062821209574,-0.813842707485964,-0.08356070349466381,0.09877924307325625,0.16368511543935635,0.17078311948858044,0.10105300444363137,-0.41194406561014313,0.3627817102507752,0.3070055124206722,0.4237359294731799,-0.7026704724856323,0.37757212209034147,0.4410647031760881,0.784035996485743,-0.12851885606316557,0.8628078334330832,-0.06633903368233425,-0.2959194688405072,-0.11186074629572644,0.21636774280381021,-0.09436022315448271,-0.11168760668879149,-0.07226824906185497,-0.41470033283835217,0.4543761111850218,0.22457083779623777,-0.35104005028944757,-0.03636624846845558,0.3810709800747941,0.45986804898123607,0.6947922500158918,0.48410086586980333,0.3383629988985923,0.21112002344973593,0.296275679569307,0.21354132227225947,0.12366614427952353,0.1996277401527659,0.4344645892562029,0.38964030580005987,-0.019448712033800556,1.0,0.7974516548963501,
ZT=F,-0.9530127684495063,-0.9532207433440301,-0.9973361958634924,-0.490911574782827,-0.24756913581088663,-0.15324990990380843,-0.14616144253327001,-0.13026232028084017,-0.3373105336203038,-0.017135878849949833,-0.02812116030316146,-0.042488666068864984,-0.22492564816951655,0.10275380371220212,0.2695739378135984,0.36956930248570535,0.18612956656508328,0.4380386485451058,0.2423988947111949,0.08684497667795314,0.23266331054670975,0.3309148228090789,0.2542006462624203,0.25858246332321744,0.24935143636176324,0.09962594251271512,0.4277368854777251,0.3941541011948612,0.17252985809319735,0.3123617016492798,0.46379260020798957,0.4944535330398976,0.5919641599364736,0.5417696936335884,0.4971262386902484,0.47857109839390094,0.529885510064643,0.5337806659904275,0.43354375124814676,0.5200564108231931,0.607029610986636,0.6100091627104509,0.4927928413864592,0.7974516548963501,1.0,
trending,,,,,,,,,,,,,,,,,,,,,,,,,,,,,,,,,,,,,,,,,,,,,,
