,DGS3MO,^IRX,DGS2,UUP,YM=F,ES=F,^GSPC,JPY=X,PA=F,NQ=F,ZB=F,DGS10,MGC=F,LBS=F,GC=F,HO=F,ZN=F,BZ=F,CC=F,RB=F,ZO=F,CL=F,HE=F,BRLUSD=X,GF=F,ZC=F,CT=F,LE=F,NG=F,ZR=F,HG=F,RTY=F,SIL=F,SI=F,ZL=F,SB=F,AUDUSD=X,ZM=F,EURUSD=X,KC=F,PL=F,ZS=F,KE=F,GBPUSD=X,ZF=F,OJ=F,ZT=F,trending
DGS3MO,1.0,0.9998648549772646,0.9441421586249404,0.5375134623419333,0.3590502091635874,0.25765062734282956,0.25517025748160144,0.19901491380009909,0.17881641798222306,0.1536436708421325,0.152744636905176,0.05639358430262279,0.015968199478056413,-0.1445286994491272,-0.1455277644838934,-0.2139638533132789,-0.24603302925937354,-0.2535029581739471,-0.26310783703933616,-0.26534913644368857,-0.27403397961352893,-0.2740523000930307,-0.2928480591154696,-0.30289536862790634,-0.31042522944160517,-0.3341160535485166,-0.35358271820776876,-0.3757454573435372,-0.3829879780358162,-0.3883661622262902,-0.3883923938904014,-0.42703100341394956,-0.4423326139984742,-0.4447482610240384,-0.47447606997046127,-0.47449075790185763,-0.48019690489203426,-0.4927765116864581,-0.5004815346920289,-0.5032669511141096,-0.5292285216782733,-0.5468449022347576,-0.5900771918283532,-0.6120966123033729,-0.6258943120268529,-0.6520066621918378,-0.9530127684495063,
^IRX,0.9998648549772646,1.0,0.9447713380924999,0.533777884753491,0.3593882613204783,0.25865375643148286,0.25342405604739904,0.2036198476936941,0.1773993550656323,0.15447055093419979,0.14618077284502104,0.059993192064675877,0.01575075297212008,-0.14348250115095837,-0.14425999125047792,-0.20422590609657482,-0.25360293837542985,-0.24623168599046685,-0.26246187379069463,-0.25493232819591394,-0.267575967241739,-0.26654469875697506,-0.28377744265539734,-0.3014199013201415,-0.3051034210383684,-0.3279993107606646,-0.3436299990034727,-0.3693482565927346,-0.3557390006812307,-0.38093366384709204,-0.38360069509042355,-0.419592973985908,-0.4400556356035259,-0.44206029390725615,-0.4646290014740794,-0.4680401131221964,-0.476978246893002,-0.4850369572262063,-0.500323136825696,-0.4929880818858167,-0.5263321810257048,-0.5383896287218228,-0.5797712259169535,-0.609728276481605,-0.6305584984141684,0.4458871269454245,-0.9532708559474314,
DGS2,0.9441421586249404,0.9447713380924999,1.0,0.46989063507453965,0.21881354898693542,0.12368691984166896,0.12126045098301377,0.3397969452639845,-0.017601630093048194,-0.003762336085116784,0.018564248024127275,0.25740774163675834,-0.12904628484298766,-0.29036623527126343,-0.408339805751051,-0.18278932764060787,-0.4635712299676729,-0.23613797883125506,-0.06319511673431524,-0.22481441554183618,-0.35516128841373623,-0.24754883250174406,-0.25794053238826636,-0.22731562032411815,-0.07132262011644822,-0.43581863678681343,-0.4048631255956259,-0.14632276011322076,-0.3366111058770484,-0.4907368706491939,-0.5067732682746461,-0.41539838741071217,-0.6260726658577102,-0.6021253823874563,-0.5584954815587265,-0.5006396937926697,-0.46366811744437647,-0.5333542975619664,-0.5232970602249881,-0.44432341071081755,-0.5050730080039466,-0.615011979233939,-0.6180428071574743,-0.4640547835271803,-0.813842707485964,-0.8900372836374993,-0.9973361958634924,
UUP,0.5375134623419333,0.533777884753491,0.46989063507453965,1.0,0.7504868510946007,0.7200691558403224,0.7193336320071861,0.5922935241406088,0.6780767000578694,0.6806061643724463,0.7878381716983398,-0.584504443144477,0.36035335692425174,0.252151508838933,0.22780038439937778,-0.8431296119642058,0.3666065380925632,-0.869560242790022,-0.08542542577323702,-0.8561302706301113,-0.334680966111158,-0.8649107738746551,-0.6365664491616254,-0.8742075737074518,-0.3453505485089035,-0.5338749024968726,-0.5406931580704322,-0.5143845245490696,-0.648317065231694,-0.5717158988595774,-0.3742936020285712,-0.5983270012579093,-0.1844082763257348,-0.4748181328410723,-0.47155451349666994,-0.7201450166829231,-0.9276428764135689,-0.6972874630732672,-0.9329389355468932,-0.5848085842253109,-0.9211214651675186,-0.6984965223926167,-0.7776874546428469,-0.9090476978947606,-0.08356069789203013,-0.7285332313856137,-0.4909115726121901,
YM=F,0.3590502091635874,0.3593882613204783,0.21881354898693542,0.7504868510946007,1.0,0.9930577746288849,0.992729362225232,0.4697440046587,0.9232033614867787,0.9684025166348086,0.6440005760227906,-0.5409285710625833,0.5937950849472671,0.7237036765312733,0.5016583661660563,-0.6141034773795843,0.3811413652079182,-0.6244469189228308,-0.1262631427417091,-0.5800734840307907,0.11993981257966733,-0.575975545331515,-0.23766037658769495,-0.8902601489474211,-0.3950131408314678,-0.24796809860804972,-0.06819784825832181,-0.47729713040519806,-0.2626338376954658,-0.36833613862635606,0.19750143244469018,0.9456850058278699,0.4865542207459186,-0.13124543939287356,0.006568746798013919,-0.4115949216637472,-0.7400074103008413,-0.29760233104022205,-0.5676344804575738,-0.36979538027600367,-0.6759499744929757,-0.2287906734435833,-0.465567754597743,-0.7670592826528161,0.09874012645960402,-0.5913264531046029,-0.24741030984873424,
ES=F,0.25765062734282956,0.25865375643148286,0.12368691984166896,0.7200691558403224,0.9930577746288849,1.0,0.9999742501846242,0.4784121397671232,0.9256511945006013,0.9864927568920185,0.6554745279097735,-0.5656589590765642,0.6137831820248715,0.7524263878882869,0.5244556650818989,-0.6207097527581261,0.4173065534823127,-0.6269284343598782,-0.08076727187066035,-0.578989441131485,0.15593444796488312,-0.5742483896481303,-0.2188601066317966,-0.8952669491737306,-0.357373512125454,-0.23679023955636616,-0.039420778948486945,-0.44128064853624444,-0.22124408774143475,-0.35185147235158987,0.23609651438147575,0.928589334230008,0.5504399482362115,-0.10026432315907323,0.04446736397342539,-0.37956230527532014,-0.7221262399552213,-0.262845040337711,-0.5405054651475508,-0.32244080814511666,-0.6527321511964271,-0.1912403075703377,-0.420851353384408,-0.7233078391009502,0.16375457032687932,-0.44220223869205777,-0.15297195853273493,
^GSPC,0.25517025748160144,0.25342405604739904,0.12126045098301377,0.7193336320071861,0.992729362225232,0.9999742501846242,1.0,0.476702849445339,0.9259239264897462,0.9867275178313638,0.6579543748494872,-0.5664320215174844,0.6140581489359812,0.7533780439736609,0.5246225174498284,-0.6255300688065907,0.42311729007040605,-0.6294967743827897,-0.07919526138397003,-0.583351110225271,0.15475321799736036,-0.5766882403308826,-0.22186790138085374,-0.8952433409354351,-0.3580966981138985,-0.2380808612626755,-0.04187997042800327,-0.44218510152790985,-0.23395978542373413,-0.3550496937489372,0.23647847717769035,0.9280996773539683,0.5526851525526227,-0.09895958177249603,0.04272890418225073,-0.3800300124574668,-0.721399891011621,-0.26494747166209914,-0.5386420949982387,-0.3254754853917472,-0.651609433665312,-0.192861191811373,-0.42382413155214105,-0.7216339180730859,0.17078311948858044,-0.21540249747590523,-0.14616144253327001,
JPY=X,0.19901491380009909,0.2036198476936941,0.3397969452639845,0.5922935241406088,0.4697440046587,0.4784121397671232,0.476702849445339,1.0,0.2804613557014661,0.38725407064638906,0.30676647895211684,-0.007226456447685262,0.24536416322162097,0.15232342209760327,-0.37851653471807256,-0.6111851542773292,-0.18640991304696547,-0.658658938018274,0.49392690674473555,-0.5498065815118995,-0.24773679709866472,-0.588947807659258,-0.2212462074414646,-0.6644927262217217,0.333191855782527,-0.6774054726703357,-0.42895923172364464,0.16108922397008615,-0.17856094723916005,-0.6349718255454709,-0.4044031048813507,0.08532407684182582,-0.4310979637723309,-0.768104252363511,-0.48560381580766254,-0.7507689904169288,-0.7527878417104564,-0.40755162858681615,-0.6636452718304038,-0.4124996500755324,-0.6739804537849329,-0.5347933174739662,-0.6214992644834011,-0.3637991788438773,-0.412067965973279,0.10425217982502952,-0.3373333070637446,
PA=F,0.17881641798222306,0.1773993550656323,-0.017601630093048194,0.6780767000578694,0.9232033614867787,0.9256511945006013,0.9259239264897462,0.2804613557014661,1.0,0.9434991851035991,0.7021941016307184,-0.6988472660215347,0.6350859170131627,0.7814078346739534,0.6951153431971511,-0.6033631650028197,0.5984139423814356,-0.5910352145550067,-0.21833115230703606,-0.585453439468095,0.10677569046358532,-0.5571302616131619,-0.2366730213801811,-0.8215817798629227,-0.49520328873669667,-0.13563840060740595,-0.06247798333123845,-0.5561284401709349,-0.33066997105893225,-0.18348275422552426,0.26030525860653614,0.5884903091626646,0.5863509902094676,0.05875073094982425,0.08111659043355149,-0.32480836908896715,-0.6311319298421023,-0.18789921747351504,-0.44038301767504046,-0.3301054072512891,-0.5605521278536082,-0.11477842506349656,-0.3495188935631563,-0.7182744510971719,0.36250540368629264,-0.23352827484844663,-0.017254497151495293,
NQ=F,0.1536436708421325,0.15447055093419979,-0.003762336085116784,0.6806061643724463,0.9684025166348086,0.9864927568920185,0.9867275178313638,0.38725407064638906,0.9434991851035991,1.0,0.6951176500833033,-0.6507756312248354,0.629551619365393,0.7808386677286374,0.6302359779002815,-0.6184204037348494,0.5317167119622244,-0.6130917414497467,-0.127728705205585,-0.5782706857352399,0.182859685320705,-0.5664165002190685,-0.2336383423210652,-0.8738581288464093,-0.40546283577046616,-0.17182595948764182,0.003817192758759772,-0.4834295875377473,-0.2174483318224562,-0.2839828998076346,0.2970074078656236,0.8440563869444598,0.6140349080142427,0.013464271492760978,0.10589436868042586,-0.30697699222537306,-0.665445809433644,-0.21824211388508907,-0.48554461595734605,-0.28018020523511655,-0.6061684865787056,-0.13169824723810478,-0.35105472688620953,-0.7022358440571138,0.30711455968773455,-0.2867840443224639,-0.027793752549938603,
ZB=F,0.152744636905176,0.14618077284502104,0.018564248024127275,0.7878381716983398,0.6440005760227906,0.6554745279097735,0.6579543748494872,0.30676647895211684,0.7021941016307184,0.6951176500833033,1.0,-0.9156226734781832,0.5298103297212486,0.3652673775065327,0.5684098063380948,-0.8827683647405453,0.7912762772297173,-0.8654993177947204,-0.15422593308569363,-0.8762442066396882,-0.32771733538153863,-0.8785889985405573,-0.6781576917965437,-0.8004702413703688,-0.4745661945922499,-0.3401145108580531,-0.4903109785339413,-0.6359823605611638,-0.6120918821285422,-0.3903374764380813,-0.2261172366688078,-0.3184561300346197,0.15660605005425432,-0.09121866297153615,-0.2899186591247854,-0.5001675525277215,-0.708813649855827,-0.5032797272021278,-0.704128054746172,-0.4481426651127927,-0.7452524886510552,-0.47357939085726475,-0.5476915789211741,-0.7930963907555834,0.4237890697768756,0.14469942724342758,-0.04222243359148269,
DGS10,0.05639358430262279,0.059993192064675877,0.25740774163675834,-0.584504443144477,-0.5409285710625833,-0.5656589590765642,-0.5664320215174844,-0.007226456447685262,-0.6988472660215347,-0.6507756312248354,-0.9156226734781832,1.0,-0.5484707827437131,-0.42492626577203374,-0.7878753937770041,0.6786005385541094,-0.9595276109320394,0.6451077172127874,0.30084447668274816,0.6890692522634607,0.12324127679599055,0.676216655150085,0.5685156284430877,0.6064488504969349,0.5547411089480551,0.05869653060461795,0.2879177396446317,0.641361579158236,0.47370680518125763,0.12136135995689434,-0.01779585589721861,0.0940162533720163,-0.3513604130645513,-0.23048794229676997,0.033902513359173186,0.22366613630712745,0.43726903721212346,0.2845060982987014,0.4482017892372356,0.2570214543071451,0.4811303599289145,0.20291887480088078,0.2526835481569662,0.6456196968589392,-0.7026704724856323,-0.8972139986018651,-0.22492564816951655,
MGC=F,0.015968199478056413,0.01575075297212008,-0.12904628484298766,0.36035335692425174,0.5937950849472671,0.6137831820248715,0.6140581489359812,0.24536416322162097,0.6350859170131627,0.629551619365393,0.5298103297212486,-0.5484707827437131,1.0,0.5476604168243089,0.5085059516406928,-0.3916881576798632,0.5141336385036583,-0.38520028021618324,-0.07952130467899264,-0.37825056208268526,0.21996011446013725,-0.39127029589519585,-0.17839940834661064,-0.5885050931049541,-0.3447263958934082,-0.005904527866177461,-0.17803149437820898,-0.3586501331602525,-0.037699471942829126,-0.007798886085833291,0.17452826572067662,0.4323031452459194,0.7376262908914384,0.0835990543678699,0.042576853157559394,-0.37195839599612057,-0.37087294007368476,0.180412818634844,-0.212643540586594,-0.4536951320791521,-0.2999943025359208,0.10261208330194856,-0.021017443836724384,-0.4165079127846465,0.3773505269367152,-0.2345573622340641,0.10265086695947286,
LBS=F,-0.1445286994491272,-0.14348250115095837,-0.29036623527126343,0.252151508838933,0.7237036765312733,0.7524263878882869,0.7533780439736609,0.15232342209760327,0.7814078346739534,0.7808386677286374,0.3652673775065327,-0.42492626577203374,0.5476604168243089,1.0,0.6122508054680718,-0.2801303303505445,0.42269070696962846,-0.26319686407054005,-0.14471442917184613,-0.20715436036072815,0.2834772894145517,-0.21868158885543634,0.14462830720634506,-0.5464028944344503,-0.3093648636936052,0.22326418821020175,0.248436954669825,-0.27363484966857277,-0.050958354458929656,-0.05514886427137637,0.6151062757486325,0.7862609521454026,0.7943306224143605,0.33464450981521077,0.49076103659086967,0.014409459585813252,-0.2452439160611068,0.16935437041001355,-0.08006807732194098,-0.06744358707366199,-0.14106177964788305,0.3150602071144315,0.011091163957753435,-0.30766467658163177,0.4409224113108759,-0.8155824402609075,0.2695172648715415,
GC=F,-0.1455277644838934,-0.14425999125047792,-0.408339805751051,0.22780038439937778,0.5016583661660563,0.5244556650818989,0.5246225174498284,-0.37851653471807256,0.6951153431971511,0.6302359779002815,0.5684098063380948,-0.7878753937770041,0.5085059516406928,0.6122508054680718,1.0,-0.21924447009451975,0.8398100692486749,-0.17263135138664115,-0.5099092180024565,-0.22954684295294914,0.2641681785318136,-0.20244422282699812,-0.1972496192017438,-0.3355604114766316,-0.6381028069824114,0.35912249298230353,0.2033629820424983,-0.6072886438966899,-0.15395269939837483,0.21543825412300086,0.5262705245181096,0.4336114920854469,0.7386583039822737,0.6808019287466294,0.4381368499597719,0.21513591617658878,-0.05471413205626513,0.07237496600844695,-0.007534552524093604,0.007626647526200173,-0.06053238479835941,0.25306550641706854,0.15217203513570615,-0.39757924313483656,0.7836578993911265,-0.2375025108548056,0.36935652641012057,
HO=F,-0.2139638533132789,-0.20422590609657482,-0.18278932764060787,-0.8431296119642058,-0.6141034773795843,-0.6207097527581261,-0.6255300688065907,-0.6111851542773292,-0.6033631650028197,-0.6184204037348494,-0.8827683647405453,0.6786005385541094,-0.3916881576798632,-0.2801303303505445,-0.21924447009451975,1.0,-0.5089904861147916,0.9915894563258612,-0.08735050748791788,0.9671485900495148,0.5274164414041527,0.9741654697526994,0.6482571465328885,0.8662973340621529,0.24159487066400184,0.6118323314642097,0.6346475231744517,0.4477197702316918,0.6856324382816408,0.5940410373938361,0.4564549137799874,0.5177822462699787,0.05290246981295417,0.4336104070115828,0.5280105640158378,0.7133179817951164,0.8644833350515282,0.5960918921764143,0.8206583587787089,0.5566151681220377,0.8776915064656116,0.6574949249507462,0.759753160377898,0.7594797896657439,-0.12825912166394327,-0.16425960109434015,0.18659517585794116,
ZN=F,-0.24603302925937354,-0.25360293837542985,-0.4635712299676729,0.3666065380925632,0.3811413652079182,0.4173065534823127,0.42311729007040605,-0.18640991304696547,0.5984139423814356,0.5317167119622244,0.7912762772297173,-0.9595276109320394,0.5141336385036583,0.42269070696962846,0.8398100692486749,-0.5089904861147916,1.0,-0.4606918236445085,-0.3428163780806866,-0.5180203976060543,-0.03615365676146432,-0.49798869359773285,-0.46732825358790947,-0.4213220763455402,-0.5669024201226297,0.1307964001658459,-0.13647762475401684,-0.6009399538076108,-0.3678588682457621,0.06879320702323292,0.15497168407338027,0.01390936186262339,0.4805411980176375,0.4312133540701571,0.12911488419354508,-0.03343367588229407,-0.20753972621254066,-0.08365738984112323,-0.21861500400588518,-0.16875441714759704,-0.24855773903292103,0.012633864208016942,-0.03765912481277386,-0.4576332640100787,0.8628838468223198,0.02896308858721839,0.43842468139758417,
BZ=F,-0.2535029581739471,-0.24623168599046685,-0.23613797883125506,-0.869560242790022,-0.6244469189228308,-0.6269284343598782,-0.6294967743827897,-0.658658938018274,-0.5910352145550067,-0.6130917414497467,-0.8654993177947204,0.6451077172127874,-0.38520028021618324,-0.26319686407054005,-0.17263135138664115,0.9915894563258612,-0.4606918236445085,1.0,-0.08819753601727157,0.9721360499559929,0.5190862170584684,0.9829136494328677,0.666583731219343,0.8762730792250387,0.22011935587917988,0.6284989631175033,0.649495856658765,0.4257857546010143,0.667804323259065,0.6224822477729453,0.47306728910866463,0.6156548825007495,0.1152099955025079,0.4849958870315423,0.5437168883735416,0.7423464343175378,0.893961440579956,0.6222259673690471,0.8606941795396601,0.5655006588484949,0.9016016357868915,0.6847410880778674,0.781760492181675,0.7769888211584596,-0.06623167958015796,-0.29939268098775434,0.24250504160043979,
CC=F,-0.26310783703933616,-0.26246187379069463,-0.06319511673431524,-0.08542542577323702,-0.1262631427417091,-0.08076727187066035,-0.07919526138397003,0.49392690674473555,-0.21833115230703606,-0.127728705205585,-0.15422593308569363,0.30084447668274816,-0.07952130467899264,-0.14471442917184613,-0.5099092180024565,-0.08735050748791788,-0.3428163780806866,-0.08819753601727157,1.0,-0.0317472761950997,-0.09712216158196739,-0.03402221460211753,0.1864025009195414,-0.05104344430998365,0.7442791116891863,-0.4003006300723071,-0.21819330385403368,0.6855900445879943,0.15529251547650674,-0.3258969957649103,-0.2768274219447334,0.34714208030756094,-0.2009147558017242,-0.40795868678064634,-0.29627430483410816,-0.1861622959537469,-0.1255264359877571,0.02222082444080603,-0.060194815066424684,0.13836784364291854,-0.030183975447858544,-0.15780973522187342,-0.08409839017576999,0.39316912844428614,-0.29614759976449884,-0.005195328742245715,0.08635902810789468,
RB=F,-0.26534913644368857,-0.25493232819591394,-0.22481441554183618,-0.8561302706301113,-0.5800734840307907,-0.578989441131485,-0.583351110225271,-0.5498065815118995,-0.585453439468095,-0.5782706857352399,-0.8762442066396882,0.6890692522634607,-0.37825056208268526,-0.20715436036072815,-0.22954684295294914,0.9671485900495148,-0.5180203976060543,0.9721360499559929,-0.0317472761950997,1.0,0.5255089463127108,0.9681013205160254,0.739713308864661,0.8354825300915889,0.27486462288059776,0.6291996790576271,0.6774272886290501,0.4738907110814498,0.6843224681649848,0.5490128242957232,0.4956539223335313,0.6649424011967345,0.11652940012434732,0.4320262920858152,0.5838389282703766,0.712232111050267,0.8632301706121933,0.6324191584269557,0.8189601894740011,0.5643473479037621,0.8824990782528304,0.7102912478852691,0.7610072907169825,0.7821422257941046,-0.11178366494665527,-0.14651176252998277,0.23281660255958028,
ZO=F,-0.27403397961352893,-0.267575967241739,-0.35516128841373623,-0.334680966111158,0.11993981257966733,0.15593444796488312,0.15475321799736036,-0.24773679709866472,0.10677569046358532,0.182859685320705,-0.32771733538153863,0.12324127679599055,0.21996011446013725,0.2834772894145517,0.2641681785318136,0.5274164414041527,-0.03615365676146432,0.5190862170584684,-0.09712216158196739,0.5255089463127108,1.0,0.5367594688705415,0.4899202087974758,0.1698039710655631,-0.03987714105203367,0.5015908338496404,0.7292531561869101,0.14084239493475517,0.760137069896405,0.5484350201295463,0.7141189444453195,0.723659145122467,0.4507048853521283,0.385234529583911,0.6594369321904483,0.47833513650749826,0.3454923652535713,0.523663554564269,0.48619213059745997,0.4541129209568493,0.4134409443259267,0.6316402190214029,0.6408719672976764,0.2803946218632451,0.21566695240866474,-0.9348755089496625,0.33004505112307503,
CL=F,-0.2740523000930307,-0.26654469875697506,-0.24754883250174406,-0.8649107738746551,-0.575975545331515,-0.5742483896481303,-0.5766882403308826,-0.588947807659258,-0.5571302616131619,-0.5664165002190685,-0.8785889985405573,0.676216655150085,-0.39127029589519585,-0.21868158885543634,-0.20244422282699812,0.9741654697526994,-0.49798869359773285,0.9829136494328677,-0.03402221460211753,0.9681013205160254,0.5367594688705415,1.0,0.719914923475027,0.834086468314958,0.26033462361225757,0.5670194823010002,0.6856629952218173,0.44985707818108694,0.6997532049990628,0.5996135045160881,0.48010968423202893,0.6831713528277508,0.16518417824536588,0.43231758053724323,0.5428239452062879,0.7270285636574437,0.8516444143950211,0.619695435439823,0.8693909189185705,0.57907592248533,0.8731878897873743,0.6792745380014831,0.7429225583538336,0.7747222003186057,-0.09421759578825295,-0.4702222609440565,0.2543440413652777,
HE=F,-0.2928480591154696,-0.28377744265539734,-0.25794053238826636,-0.6365664491616254,-0.23766037658769495,-0.2188601066317966,-0.22186790138085374,-0.2212462074414646,-0.2366730213801811,-0.2336383423210652,-0.6781576917965437,0.5685156284430877,-0.17839940834661064,0.14462830720634506,-0.1972496192017438,0.6482571465328885,-0.46732825358790947,0.666583731219343,0.1864025009195414,0.739713308864661,0.4899202087974758,0.719914923475027,1.0,0.4601483899352169,0.33814296590956594,0.43149150528568947,0.5595255363146716,0.4682759281828918,0.6064956576354886,0.3724355703187465,0.5019383515086795,0.7047538865770785,0.23598959610936146,0.217113076675185,0.53275400828997,0.48912959993278193,0.5381193460740503,0.6032966692671391,0.6633860047134572,0.5192124834042843,0.6100684152577778,0.6462248716627366,0.5630370555012458,0.6257042611695156,-0.11169871930861719,0.4928908088499274,0.25859255141376525,
BRLUSD=X,-0.30289536862790634,-0.3014199013201415,-0.22731562032411815,-0.8742075737074518,-0.8902601489474211,-0.8952669491737306,-0.8952433409354351,-0.6644927262217217,-0.8215817798629227,-0.8738581288464093,-0.8004702413703688,0.6064488504969349,-0.5885050931049541,-0.5464028944344503,-0.3355604114766316,0.8662973340621529,-0.4213220763455402,0.8762730792250387,-0.05104344430998365,0.8354825300915889,0.1698039710655631,0.834086468314958,0.4601483899352169,1.0,0.30450351713362983,0.5008755132635205,0.38186310777518734,0.46304260994631546,0.4576457596400443,0.5151158629751466,0.1504478049307219,-0.4401928943248993,-0.2626216977342987,0.36624170071403667,0.30237556395112525,0.6625822254815565,0.9199006326576458,0.4518933546114522,0.7699192499997486,0.5479852467636974,0.8633434819550099,0.47839386781096566,0.6590445789262116,0.812019416252414,-0.07210058802428325,0.8353962779313501,0.24936712060466304,
GF=F,-0.31042522944160517,-0.3051034210383684,-0.07132262011644822,-0.3453505485089035,-0.3950131408314678,-0.357373512125454,-0.3580966981138985,0.333191855782527,-0.49520328873669667,-0.40546283577046616,-0.4745661945922499,0.5547411089480551,-0.3447263958934082,-0.3093648636936052,-0.6381028069824114,0.24159487066400184,-0.5669024201226297,0.22011935587917988,0.7442791116891863,0.27486462288059776,-0.03987714105203367,0.26033462361225757,0.33814296590956594,0.30450351713362983,1.0,-0.2674844570541315,-0.10695575872288673,0.9048489689928527,0.3356795794548974,-0.2686448217043689,-0.13649125490834324,0.4278890085760309,-0.2720794298875848,-0.295637773840506,-0.17734132794420207,0.0011111608374430673,0.19135883827367728,0.04217255430983274,0.15035005968754178,0.40344327366932703,0.24004974865417997,-0.08109018295117658,0.07958051719671001,0.6144207181425149,-0.41423262718174153,0.19618441781844137,0.10011895112249106,
ZC=F,-0.3341160535485166,-0.3279993107606646,-0.43581863678681343,-0.5338749024968726,-0.24796809860804972,-0.23679023955636616,-0.2380808612626755,-0.6774054726703357,-0.13563840060740595,-0.17182595948764182,-0.3401145108580531,0.05869653060461795,-0.005904527866177461,0.22326418821020175,0.35912249298230353,0.6118323314642097,0.1307964001658459,0.6284989631175033,-0.4003006300723071,0.6291996790576271,0.5015908338496404,0.5670194823010002,0.43149150528568947,0.5008755132635205,-0.2674844570541315,1.0,0.6327636131096521,-0.0055577096866169335,0.35702487158232926,0.5732762718936876,0.7148576913527508,0.877851803437064,0.5991235782867449,0.7875860770717075,0.8554034572659582,0.7515413003789015,0.7107837004079745,0.6269078778748257,0.553223558945714,0.38460617170594796,0.7061503850396832,0.8360307747363237,0.817911497911811,0.4042280543041196,0.4541641189519255,0.02599494669292666,0.4275649630110528,
CT=F,-0.35358271820776876,-0.3436299990034727,-0.4048631255956259,-0.5406931580704322,-0.06819784825832181,-0.039420778948486945,-0.04187997042800327,-0.42895923172364464,-0.06247798333123845,0.003817192758759772,-0.4903109785339413,0.2879177396446317,-0.17803149437820898,0.248436954669825,0.2033629820424983,0.6346475231744517,-0.13647762475401684,0.649495856658765,-0.21819330385403368,0.6774272886290501,0.7292531561869101,0.6856629952218173,0.5595255363146716,0.38186310777518734,-0.10695575872288673,0.6327636131096521,1.0,0.10678131763198034,0.6413936465989695,0.5594786951515531,0.7697424963950161,0.8830795266482825,0.5561389160417178,0.5423944300296615,0.7995903583794886,0.7476508703153515,0.553099897782797,0.5531587485458799,0.638441318997546,0.5306697735094704,0.585843852885728,0.7431534457458403,0.6685059899534898,0.41236406774178425,0.22426921722190757,-0.7537790047454045,0.3938365649413472,
LE=F,-0.3757454573435372,-0.3693482565927346,-0.14632276011322076,-0.5143845245490696,-0.47729713040519806,-0.44128064853624444,-0.44218510152790985,0.16108922397008615,-0.5561284401709349,-0.4834295875377473,-0.6359823605611638,0.641361579158236,-0.3586501331602525,-0.27363484966857277,-0.6072886438966899,0.4477197702316918,-0.6009399538076108,0.4257857546010143,0.6855900445879943,0.4738907110814498,0.14084239493475517,0.44985707818108694,0.4682759281828918,0.46304260994631546,0.9048489689928527,-0.0055577096866169335,0.10678131763198034,1.0,0.4720172023428591,-0.1039376235017905,0.031041800932923472,0.6692414605325001,-0.19351058016890918,-0.12179273181433835,0.04789844050788215,0.2286944371609859,0.3953450750623291,0.2464383322829151,0.327804621887756,0.4936246806153893,0.4642104682999565,0.16396891317028367,0.3144625297630253,0.7585574832163182,-0.35100295329389325,0.05661340267802357,0.17238086785313636,
NG=F,-0.3829879780358162,-0.3557390006812307,-0.3366111058770484,-0.648317065231694,-0.2626338376954658,-0.22124408774143475,-0.23395978542373413,-0.17856094723916005,-0.33066997105893225,-0.2174483318224562,-0.6120918821285422,0.47370680518125763,-0.037699471942829126,-0.050958354458929656,-0.15395269939837483,0.6856324382816408,-0.3678588682457621,0.667804323259065,0.15529251547650674,0.6843224681649848,0.760137069896405,0.6997532049990628,0.6064956576354886,0.4576457596400443,0.3356795794548974,0.35702487158232926,0.6413936465989695,0.4720172023428591,1.0,0.4697273483376082,0.4752507110986194,0.579819423837752,0.2306139156049399,0.21760144700151193,0.4638416533892863,0.47968613139551064,0.5332143613518726,0.5687322424949863,0.655663327284893,0.5500344026289576,0.5550164877276581,0.5745209248417842,0.6736522653635362,0.6019798121804405,-0.03798932079955549,0.2464769276927568,0.3097529030895981,
ZR=F,-0.3883661622262902,-0.38093366384709204,-0.4907368706491939,-0.5717158988595774,-0.36833613862635606,-0.35185147235158987,-0.3550496937489372,-0.6349718255454709,-0.18348275422552426,-0.2839828998076346,-0.3903374764380813,0.12136135995689434,-0.007798886085833291,-0.05514886427137637,0.21543825412300086,0.5940410373938361,0.06879320702323292,0.6224822477729453,-0.3258969957649103,0.5490128242957232,0.5484350201295463,0.5996135045160881,0.3724355703187465,0.5151158629751466,-0.2686448217043689,0.5732762718936876,0.5594786951515531,-0.1039376235017905,0.4697273483376082,1.0,0.4050015712681255,0.09624756957382699,0.2806766373191602,0.47866369307490814,0.49991655937174734,0.5425081997042516,0.6004572843422401,0.612984505636975,0.7041913490114567,0.31660481568183607,0.6165418760724363,0.6610025790925974,0.7007883531361611,0.40637964933918497,0.3806488694219439,0.38326032366225954,0.4633670041470999,
HG=F,-0.3883923938904014,-0.38360069509042355,-0.5067732682746461,-0.3742936020285712,0.19750143244469018,0.23609651438147575,0.23647847717769035,-0.4044031048813507,0.26030525860653614,0.2970074078656236,-0.2261172366688078,-0.01779585589721861,0.17452826572067662,0.6151062757486325,0.5262705245181096,0.4564549137799874,0.15497168407338027,0.47306728910866463,-0.2768274219447334,0.4956539223335313,0.7141189444453195,0.48010968423202893,0.5019383515086795,0.1504478049307219,-0.13649125490834324,0.7148576913527508,0.7697424963950161,0.031041800932923472,0.4752507110986194,0.4050015712681255,1.0,0.9369701486179748,0.7813948235562147,0.7442763903513245,0.9119955177704077,0.6611431371482082,0.4560053368037709,0.5271091198159531,0.5012686420594217,0.4566954179237115,0.5150724489870318,0.76323246690753,0.6411369456762179,0.2623868459999026,0.4598718285433695,-0.7323302290703119,0.4945116106914233,
RTY=F,-0.42703100341394956,-0.419592973985908,-0.41539838741071217,-0.5983270012579093,0.9456850058278699,0.928589334230008,0.9280996773539683,0.08532407684182582,0.5884903091626646,0.8440563869444598,-0.3184561300346197,0.0940162533720163,0.4323031452459194,0.7862609521454026,0.4336114920854469,0.5177822462699787,0.01390936186262339,0.6156548825007495,0.34714208030756094,0.6649424011967345,0.723659145122467,0.6831713528277508,0.7047538865770785,-0.4401928943248993,0.4278890085760309,0.877851803437064,0.8830795266482825,0.6692414605325001,0.579819423837752,0.09624756957382699,0.9369701486179748,1.0,0.7261679271314089,0.7261679271314089,0.9039541783739264,0.8883590222381664,0.7390154817581861,0.7506103939976886,0.6865915831155739,0.6400787116851993,0.8715689209306221,0.904104261317034,0.8233113829788145,0.8703339854853198,0.30194189619436995,-0.6050278294713632,0.4191795835501906,
SIL=F,-0.4423326139984742,-0.4400556356035259,-0.6260726658577102,-0.1844082763257348,0.4865542207459186,0.5504399482362115,0.5526851525526227,-0.4310979637723309,0.5863509902094676,0.6140349080142427,0.15660605005425432,-0.3513604130645513,0.7376262908914384,0.7943306224143605,0.7386583039822737,0.05290246981295417,0.4805411980176375,0.1152099955025079,-0.2009147558017242,0.11652940012434732,0.4507048853521283,0.16518417824536588,0.23598959610936146,-0.2626216977342987,-0.2720794298875848,0.5991235782867449,0.5561389160417178,-0.19351058016890918,0.2306139156049399,0.2806766373191602,0.7813948235562147,0.7261679271314089,1.0,0.9999995640374301,0.7159219345620406,0.52537421773228,0.23709745227472978,0.5050875784623567,0.3984378060222727,0.15927659884498954,0.3186657708810524,0.6685914148843919,0.46044062683973297,0.01758459945698414,0.7028233290895852,-0.46903202130694227,0.610121404238687,
SI=F,-0.4447482610240384,-0.44206029390725615,-0.6021253823874563,-0.4748181328410723,-0.13124543939287356,-0.10026432315907323,-0.09895958177249603,-0.768104252363511,0.05875073094982425,0.013464271492760978,-0.09121866297153615,-0.23048794229676997,0.0835990543678699,0.33464450981521077,0.6808019287466294,0.4336104070115828,0.4312133540701571,0.4849958870315423,-0.40795868678064634,0.4320262920858152,0.385234529583911,0.43231758053724323,0.217113076675185,0.36624170071403667,-0.295637773840506,0.7875860770717075,0.5423944300296615,-0.12179273181433835,0.21760144700151193,0.47866369307490814,0.7442763903513245,0.7261679271314089,0.9999995640374301,1.0,0.7597511078684871,0.7454591503669359,0.644472130867452,0.47958840055970114,0.5579261136016819,0.40255868456591265,0.6370090276018983,0.6910551707915205,0.6744520000478396,0.30536841080351074,0.6946262826887689,-0.46903202130694227,0.5918166144655782,
ZL=F,-0.47447606997046127,-0.4646290014740794,-0.5584954815587265,-0.47155451349666994,0.006568746798013919,0.04446736397342539,0.04272890418225073,-0.48560381580766254,0.08111659043355149,0.10589436868042586,-0.2899186591247854,0.033902513359173186,0.042576853157559394,0.49076103659086967,0.4381368499597719,0.5280105640158378,0.12911488419354508,0.5437168883735416,-0.29627430483410816,0.5838389282703766,0.6594369321904483,0.5428239452062879,0.53275400828997,0.30237556395112525,-0.17734132794420207,0.8554034572659582,0.7995903583794886,0.04789844050788215,0.4638416533892863,0.49991655937174734,0.9119955177704077,0.9039541783739264,0.7159219345620406,0.7597511078684871,1.0,0.7726950793768369,0.5741953083797703,0.569134329611956,0.535186112214827,0.5150637382792153,0.6179329304375556,0.8527324076214838,0.7358935763593206,0.36196119948734684,0.48392975415394535,-0.7296252537139458,0.541675662788597,
SB=F,-0.47449075790185763,-0.4680401131221964,-0.5006396937926697,-0.7201450166829231,-0.4115949216637472,-0.37956230527532014,-0.3800300124574668,-0.7507689904169288,-0.32480836908896715,-0.30697699222537306,-0.5001675525277215,0.22366613630712745,-0.37195839599612057,0.014409459585813252,0.21513591617658878,0.7133179817951164,-0.03343367588229407,0.7423464343175378,-0.1861622959537469,0.712232111050267,0.47833513650749826,0.7270285636574437,0.48912959993278193,0.6625822254815565,0.0011111608374430673,0.7515413003789015,0.7476508703153515,0.2286944371609859,0.47968613139551064,0.5425081997042516,0.6611431371482082,0.8883590222381664,0.52537421773228,0.7454591503669359,0.7726950793768369,1.0,0.8061485439341348,0.4985099950841758,0.7119101134838884,0.7378427672348552,0.7809445710917781,0.7104916504989385,0.7731159753380785,0.6066889067534688,0.33808720057708447,-0.5279783196533728,0.4967612734540506,
AUDUSD=X,-0.48019690489203426,-0.476978246893002,-0.46366811744437647,-0.9276428764135689,-0.7400074103008413,-0.7221262399552213,-0.721399891011621,-0.7527878417104564,-0.6311319298421023,-0.665445809433644,-0.708813649855827,0.43726903721212346,-0.37087294007368476,-0.2452439160611068,-0.05471413205626513,0.8644833350515282,-0.20753972621254066,0.893961440579956,-0.1255264359877571,0.8632301706121933,0.3454923652535713,0.8516444143950211,0.5381193460740503,0.9199006326576458,0.19135883827367728,0.7107837004079745,0.553099897782797,0.3953450750623291,0.5332143613518726,0.6004572843422401,0.4560053368037709,0.7390154817581861,0.23709745227472978,0.644472130867452,0.5741953083797703,0.8061485439341348,1.0,0.6300055580284215,0.8702386086396005,0.5955938253815107,0.9561491608383847,0.7170754406996961,0.8336618909296751,0.8204816316633415,0.2111483665095795,-0.6451467389707358,0.478461345635958,
ZM=F,-0.4927765116864581,-0.4850369572262063,-0.5333542975619664,-0.6972874630732672,-0.29760233104022205,-0.262845040337711,-0.26494747166209914,-0.40755162858681615,-0.18789921747351504,-0.21824211388508907,-0.5032797272021278,0.2845060982987014,0.180412818634844,0.16935437041001355,0.07237496600844695,0.5960918921764143,-0.08365738984112323,0.6222259673690471,0.02222082444080603,0.6324191584269557,0.523663554564269,0.619695435439823,0.6032966692671391,0.4518933546114522,0.04217255430983274,0.6269078778748257,0.5531587485458799,0.2464383322829151,0.5687322424949863,0.612984505636975,0.5271091198159531,0.7506103939976886,0.5050875784623567,0.47958840055970114,0.569134329611956,0.4985099950841758,0.6300055580284215,1.0,0.7529921133558566,0.24996680705461158,0.7116798551950845,0.9029309311799775,0.7896604269863838,0.606409161638153,0.29674880637899836,0.6926103148290914,0.5306127028465469,
EURUSD=X,-0.5004815346920289,-0.500323136825696,-0.5232970602249881,-0.9329389355468932,-0.5676344804575738,-0.5405054651475508,-0.5386420949982387,-0.6636452718304038,-0.44038301767504046,-0.48554461595734605,-0.704128054746172,0.4482017892372356,-0.212643540586594,-0.08006807732194098,-0.007534552524093604,0.8206583587787089,-0.21861500400588518,0.8606941795396601,-0.060194815066424684,0.8189601894740011,0.48619213059745997,0.8693909189185705,0.6633860047134572,0.7699192499997486,0.15035005968754178,0.553223558945714,0.638441318997546,0.327804621887756,0.655663327284893,0.7041913490114567,0.5012686420594217,0.6865915831155739,0.3984378060222727,0.5579261136016819,0.535186112214827,0.7119101134838884,0.8702386086396005,0.7529921133558566,1.0,0.548850840714647,0.8792046803185154,0.7625177435455645,0.7811489701643699,0.7788385703739562,0.2134788140721605,-0.1714246958045674,0.5335045665019208,
KC=F,-0.5032669511141096,-0.4929880818858167,-0.44432341071081755,-0.5848085842253109,-0.36979538027600367,-0.32244080814511666,-0.3254754853917472,-0.4124996500755324,-0.3301054072512891,-0.28018020523511655,-0.4481426651127927,0.2570214543071451,-0.4536951320791521,-0.06744358707366199,0.007626647526200173,0.5566151681220377,-0.16875441714759704,0.5655006588484949,0.13836784364291854,0.5643473479037621,0.4541129209568493,0.57907592248533,0.5192124834042843,0.5479852467636974,0.40344327366932703,0.38460617170594796,0.5306697735094704,0.4936246806153893,0.5500344026289576,0.31660481568183607,0.4566954179237115,0.6400787116851993,0.15927659884498954,0.40255868456591265,0.5150637382792153,0.7378427672348552,0.5955938253815107,0.24996680705461158,0.548850840714647,1.0,0.5751613088843436,0.4146409091706601,0.5568130378102563,0.6172092305677613,0.12371821580035279,-0.5947412603495579,0.43370531300650456,
PL=F,-0.5292285216782733,-0.5263321810257048,-0.5050730080039466,-0.9211214651675186,-0.6759499744929757,-0.6527321511964271,-0.651609433665312,-0.6739804537849329,-0.5605521278536082,-0.6061684865787056,-0.7452524886510552,0.4811303599289145,-0.2999943025359208,-0.14106177964788305,-0.06053238479835941,0.8776915064656116,-0.24855773903292103,0.9016016357868915,-0.030183975447858544,0.8824990782528304,0.4134409443259267,0.8731878897873743,0.6100684152577778,0.8633434819550099,0.24004974865417997,0.7061503850396832,0.585843852885728,0.4642104682999565,0.5550164877276581,0.6165418760724363,0.5150724489870318,0.8715689209306221,0.3186657708810524,0.6370090276018983,0.6179329304375556,0.7809445710917781,0.9561491608383847,0.7116798551950845,0.8792046803185154,0.5751613088843436,1.0,0.7848111355134675,0.8491081826031402,0.8572182512961852,0.19980479750800798,-0.8457386218979628,0.5200988453492362,
ZS=F,-0.5468449022347576,-0.5383896287218228,-0.615011979233939,-0.6984965223926167,-0.2287906734435833,-0.1912403075703377,-0.192861191811373,-0.5347933174739662,-0.11477842506349656,-0.13169824723810478,-0.47357939085726475,0.20291887480088078,0.10261208330194856,0.3150602071144315,0.25306550641706854,0.6574949249507462,0.012633864208016942,0.6847410880778674,-0.15780973522187342,0.7102912478852691,0.6316402190214029,0.6792745380014831,0.6462248716627366,0.47839386781096566,-0.08109018295117658,0.8360307747363237,0.7431534457458403,0.16396891317028367,0.5745209248417842,0.6610025790925974,0.76323246690753,0.904104261317034,0.6685914148843919,0.6910551707915205,0.8527324076214838,0.7104916504989385,0.7170754406996961,0.9029309311799775,0.7625177435455645,0.4146409091706601,0.7848111355134675,1.0,0.868213250949942,0.5789776167872154,0.4347217539415212,0.7726779084630343,0.607450721370279,
KE=F,-0.5900771918283532,-0.5797712259169535,-0.6180428071574743,-0.7776874546428469,-0.465567754597743,-0.420851353384408,-0.42382413155214105,-0.6214992644834011,-0.3495188935631563,-0.35105472688620953,-0.5476915789211741,0.2526835481569662,-0.021017443836724384,0.011091163957753435,0.15217203513570615,0.759753160377898,-0.03765912481277386,0.781760492181675,-0.08409839017576999,0.7610072907169825,0.6408719672976764,0.7429225583538336,0.5630370555012458,0.6590445789262116,0.07958051719671001,0.817911497911811,0.6685059899534898,0.3144625297630253,0.6736522653635362,0.7007883531361611,0.6411369456762179,0.8233113829788145,0.46044062683973297,0.6744520000478396,0.7358935763593206,0.7731159753380785,0.8336618909296751,0.7896604269863838,0.7811489701643699,0.5568130378102563,0.8491081826031402,0.868213250949942,1.0,0.7070609868994003,0.3888819085329468,-0.19862209914815956,0.6090538694951074,
