,DGS2,^IRX,DGS3MO,OJ=F,DGS10,UUP,JPY=X,YM=F,ES=F,^GSPC,NQ=F,PA=F,LE=F,NG=F,GF=F,ZB=F,MGC=F,HO=F,CC=F,CT=F,LBS=F,BZ=F,HE=F,CL=F,RB=F,RTY=F,BRLUSD=X,ZO=F,HG=F,ZC=F,ZM=F,SB=F,AUDUSD=X,GC=F,EURUSD=X,GBPUSD=X,KC=F,ZL=F,KE=F,ZS=F,PL=F,SIL=F,ZR=F,SI=F,ZN=F,ZF=F,ZT=F,trending
DGS2,1.0,0.9602811522349916,0.959988691719968,0.5488436006161015,0.4981036778332222,0.45275297635085815,0.4017942663343648,0.33607635403391173,0.21670985042935176,0.21421976445220062,0.07446713766092665,0.04908959022217177,-0.04399934807353814,-0.12941525810797766,-0.1408164541363036,-0.15716945754249348,-0.16605959627051764,-0.19260159463322618,-0.20318470076353023,-0.20479487813431768,-0.2057797820394068,-0.25155618577051264,-0.26513966326338023,-0.2721905545071131,-0.2750946733549762,-0.2915994910329867,-0.3012031138130181,-0.37107903890408284,-0.40214660362519977,-0.4116316746528773,-0.46545734805124556,-0.4664355508670352,-0.47173031622884226,-0.4859737695623667,-0.49361893356994385,-0.5106368716849151,-0.5148547662245772,-0.5398429856491658,-0.5452388250236634,-0.5601927144160416,-0.5619730784703889,-0.5981423904006902,-0.5982927441350941,-0.6117085002974973,-0.6968005531339474,-0.913969211116423,-0.9988555998012768,
^IRX,0.9602811522349916,1.0,0.9998836867036898,0.9337273516757423,0.3532710589366812,0.511141032646332,0.3118587142873335,0.44848691230661436,0.3247313026398629,0.31978002817120793,0.20038563566223616,0.21062840277093317,-0.21254636357663548,-0.1728724355909195,-0.2861563203151732,-0.0732141322521588,-0.04914050792571596,-0.1780153762555363,-0.29550738075739647,-0.19475025514252545,-0.09786592427000038,-0.22825814546528486,-0.2663760188004227,-0.2541454211834685,-0.25351153639881646,-0.27864414162998147,-0.34745415283918424,-0.26517353728475124,-0.31754894115934573,-0.34642826944487703,-0.44627252005489804,-0.4936396307595731,-0.48326684877294623,-0.28615159328310935,-0.47160022229896964,-0.5932136053215313,-0.5596119323500349,-0.4881341921357256,-0.518266427475975,-0.5241042361871271,-0.5734159504290346,-0.4846259500351734,-0.4815294483566725,-0.5179554837747756,-0.5508483096576419,-0.799605899853819,-0.965257380290545,
DGS3MO,0.959988691719968,0.9998836867036898,1.0,-0.23041573040093008,0.350332537497524,0.5145400689909084,0.3095724430536881,0.4480875655219912,0.32376950188436865,0.3212240921431438,0.19950853920408249,0.21147387389318792,-0.21719871375546754,-0.19459566747235715,-0.2906329412214638,-0.06814811330177689,-0.049283793235831354,-0.1860899288988519,-0.2951820150575553,-0.20374694283525924,-0.09974669018965285,-0.2344448836293452,-0.275046461802545,-0.26080532172696347,-0.2621472956287381,-0.28515317658301503,-0.3490730540996683,-0.271620844424528,-0.3224444516808478,-0.35145117111704743,-0.4524630770260275,-0.4987111775433858,-0.4861491538944038,-0.2877861099202372,-0.4722227302399287,-0.5950522078536139,-0.5683745241369582,-0.49725418887292966,-0.5264468620856942,-0.5312403918591824,-0.5761563863678384,-0.4872642981646682,-0.48748914657031234,-0.5205805171107689,-0.5467219138785652,-0.7976649570139487,-0.9651470536033686,
OJ=F,0.5488436006161015,0.9337273516757423,-0.23041573040093008,1.0,0.5208182900168608,-0.1602723789235984,0.9300400167138176,-0.9350575353588574,-0.9274082922415896,0.051391496010285385,-0.9264287039631791,-0.27318243504005674,0.9510383039244386,0.8803938201177872,0.945754664517803,-0.944905629938331,-0.9262742040679841,0.9276476926423185,-0.893833169028467,0.9664255030566598,0.7660766764132164,0.9167046040481831,0.9344457617203474,0.906326922077828,0.9288073003600948,-0.9238503567982206,-0.5420247127311076,-0.6777688970018537,-0.8944764249814542,0.8692465826003624,0.9280523206054054,-0.879100493440482,-0.8803497503884951,-0.9262071213101706,-0.9262113829093092,-0.9269701388626627,0.9509685904922662,0.7604255110061203,0.9216830955043859,0.9276458909095003,-0.7942301872648276,-0.9126665907340565,0.9111929659732986,-0.9126665907340565,-0.9402242081393622,-0.9361961140831287,-0.9344880220063626,
DGS10,0.4981036778332222,0.3532710589366812,0.350332537497524,0.5208182900168608,1.0,-0.4354624558366379,0.06089557717051011,-0.358242614619321,-0.42721537408022753,-0.429214006908946,-0.5451243054041758,-0.5852581081013177,0.5903874164971444,0.5463181690345443,0.4107853908235959,-0.8761486266647076,-0.5398131067747292,0.5307982788605576,0.06232858820788569,0.3563149523666862,-0.40802070141227875,0.4805058475064621,0.40819830464057055,0.4897888238139513,0.45829595419206914,-0.03706760367247009,0.4444642435484206,0.04622645043682485,0.04048886201152439,0.0339973088379387,0.16951561450195018,0.16570058422629436,0.28146833651350034,-0.768238418529688,0.3053326145523744,0.39978054953951764,0.08790257194293125,0.009828649418813482,0.1519510096502028,0.09577382495269186,0.25177049905737153,-0.3776524557933611,-0.1913173734348656,-0.2361543352666173,-0.9564176606233666,-0.7505060086731541,-0.47005198968661743,
UUP,0.45275297635085815,0.511141032646332,0.5145400689909084,-0.1602723789235984,-0.4354624558366379,1.0,0.6212795719487527,0.7577541877670997,0.7289714451549824,0.728738911565706,0.6831908210907726,0.6715926282075979,-0.48610868249729206,-0.6735254530582078,-0.36869539065502227,0.7157753027918885,0.32410834673826433,-0.8372465484409489,-0.08835387306990591,-0.6177135949368716,0.2042772058595018,-0.8549872852069107,-0.6703931749472334,-0.859120194299481,-0.8473063863642418,-0.4972260750848793,-0.8786574564581754,-0.4397329284419524,-0.5386236828657496,-0.6404504273579478,-0.7288178852384101,-0.7550376189265549,-0.9217285082014685,0.11619870675932398,-0.9087753749255868,-0.9108191575803195,-0.6510482310005995,-0.6641349244149667,-0.8005227916509541,-0.7753747139339581,-0.9161579312739295,-0.27061900174532766,-0.45946521175384153,-0.5962309054243821,0.1790939494470233,-0.21756083198512186,-0.47888097306853816,
JPY=X,0.4017942663343648,0.3118587142873335,0.3095724430536881,0.9300400167138176,0.06089557717051011,0.6212795719487527,1.0,0.5380456357779311,0.5407085695502319,0.538809169591108,0.42911182161243744,0.31278111599135205,0.14584212111887515,-0.14942920770465903,0.24828592232175697,0.30116535990072857,0.18405533699975757,-0.6583312429514757,0.33544860619681693,-0.47565387320341507,0.13789126124539772,-0.7075984435995738,-0.34488046707442815,-0.6621235943911381,-0.6611177369050791,-0.12877694491795647,-0.7213083377090641,-0.3815836522141189,-0.5388203725935523,-0.7691132892424732,-0.5242606128913435,-0.7402059879074706,-0.7864867781119387,-0.4304351526059523,-0.6412134598453376,-0.4746709229829045,-0.5460094498426413,-0.6691504059832902,-0.6788902520629773,-0.6646892733747969,-0.7138849737135777,-0.49437792739144115,-0.5760413318976944,-0.8188894433164285,-0.26291115893877226,-0.4595585213598276,-0.4078016314009207,
YM=F,0.33607635403391173,0.44848691230661436,0.4480875655219912,-0.9350575353588574,-0.358242614619321,0.7577541877670997,0.5380456357779311,1.0,0.9895848864347121,0.9891565441743593,0.9547631653940998,0.9014095374033585,-0.424195440709908,-0.28182916439028904,-0.3181199815487398,0.5368177536750691,0.5098267032206486,-0.5831639893111863,-0.08654441926977734,-0.1920994035092424,0.6557286901272092,-0.5964983241278867,-0.3390216579267102,-0.5654525226703128,-0.5711996073882448,0.9249997973704596,-0.8642738416374822,-0.008286404330750804,-0.01790016353227635,-0.42847602584264527,-0.40917155409974193,-0.5746032483470529,-0.754598821156937,0.3488521276900962,-0.539037174776052,-0.7488035626697152,-0.5112055885461315,-0.2827167911843377,-0.5293476823652951,-0.4185185599272661,-0.7116066364475533,0.3761744017696401,-0.3185080853372384,-0.30749048203135587,0.15962265930622402,-0.12166033894474396,-0.3573022068125017,
ES=F,0.21670985042935176,0.3247313026398629,0.32376950188436865,-0.9274082922415896,-0.42721537408022753,0.7289714451549824,0.5407085695502319,0.9895848864347121,1.0,0.9999626718412665,0.980932495554672,0.9116755811995025,-0.40498406930045394,-0.2694866853761202,-0.28042707042403353,0.5854560565738877,0.545317053317443,-0.6054964988115794,-0.02642475012719926,-0.1820253540339756,0.699036106557147,-0.612292045015821,-0.3185652392023832,-0.5748688856212106,-0.5795790303218599,0.8901267441127698,-0.8745120147507385,0.017392619317177012,0.011789269536138073,-0.41795319091456523,-0.37204453716864094,-0.5379618915380153,-0.7394683137831116,0.3939140986165066,-0.5128512268117512,-0.7043375147587615,-0.4583003087411486,-0.23955824351577878,-0.4922408333167994,-0.37547956378566355,-0.6798036959142255,0.48090672432914566,-0.28449252180395507,-0.2647616167665154,0.24271746009783896,-0.019337013827264837,-0.2386582599100965,
^GSPC,0.21421976445220062,0.31978002817120793,0.3212240921431438,0.051391496010285385,-0.429214006908946,0.728738911565706,0.538809169591108,0.9891565441743593,0.9999626718412665,1.0,0.9812160174914508,0.9121054289107722,-0.40724054453473413,-0.2892477029783698,-0.28236292729530915,0.5898169100030556,0.5457664795140463,-0.6122417612404917,-0.024867566065842502,-0.18720461931337518,0.6994825104472864,-0.6164079839790436,-0.32486906764001666,-0.5790661649230561,-0.5857573003813085,0.8890382633368853,-0.8748031416515383,0.013835992465085139,0.010522359119402823,-0.4204411337830045,-0.37550522270597575,-0.5391604336059923,-0.7393146661185941,0.3941662412331271,-0.511373660936108,-0.703093590848853,-0.4633299209054602,-0.24387988074546774,-0.49711161396670683,-0.3787800289376068,-0.6791512667536256,0.48345670742530555,-0.28798539969996384,-0.2637696021564708,0.249279102873933,-0.012918611332584224,-0.23257770050591844,
NQ=F,0.07446713766092665,0.20038563566223616,0.19950853920408249,-0.9264287039631791,-0.5451243054041758,0.6831908210907726,0.42911182161243744,0.9547631653940998,0.980932495554672,0.9812160174914508,1.0,0.9397799406508399,-0.46297088745806525,-0.2910515436581861,-0.3287094436883282,0.6388850249974489,0.5813786872678872,-0.5922376379983895,-0.06790550600539194,-0.14451772908188684,0.7507884165641587,-0.5848003202106736,-0.3242740323254995,-0.5520222915414423,-0.5587743841332558,0.7842551070753464,-0.843689672335285,0.07445388164801184,0.09471273752701166,-0.33272862968816963,-0.31815083732822247,-0.471102104821964,-0.6691682008173779,0.5362751684179091,-0.4441017346708695,-0.663188344986155,-0.39111021458924694,-0.14960430142404116,-0.40634545517058585,-0.29571420246142627,-0.6172089816717067,0.549901639641862,-0.17939219096095416,-0.13136608778981726,0.388953469954839,0.14484009023884836,-0.09848555613069733,
PA=F,0.04908959022217177,0.21062840277093317,0.21147387389318792,-0.27318243504005674,-0.5852581081013177,0.6715926282075979,0.31278111599135205,0.9014095374033585,0.9116755811995025,0.9121054289107722,0.9397799406508399,1.0,-0.5130711628987863,-0.34048988940470437,-0.39191317984932894,0.6112019561645893,0.583407931616973,-0.5121504074148265,-0.12405123034934337,-0.16345110888897704,0.7141940135445569,-0.5009617700992819,-0.33698575764216904,-0.4831602683633257,-0.5037925442923247,0.5411210250194189,-0.7622534405142346,0.12423852646175067,0.10704169930374464,-0.26969653158546364,-0.2971107461802166,-0.4749362533875135,-0.6088223077078446,0.6266339410482757,-0.3731753037572178,-0.638530229453687,-0.39306011515004086,-0.1392556385704987,-0.3425099808950789,-0.272389426129897,-0.5501300993152388,0.47562413718685304,-0.034768140514878434,-0.07125330450964401,0.4462717450599986,0.198700564871915,-0.07635401845229357,
LE=F,-0.04399934807353814,-0.21254636357663548,-0.21719871375546754,0.9510383039244386,0.5903874164971444,-0.48610868249729206,0.14584212111887515,-0.424195440709908,-0.40498406930045394,-0.40724054453473413,-0.46297088745806525,-0.5130711628987863,1.0,0.5030726589830173,0.8608710174890949,-0.6032289000740512,-0.36427115714419,0.4192652596942764,0.4777639777930226,0.20718642617198046,-0.25819102819785184,0.379895923451571,0.4286118196624332,0.4035950478214801,0.38958656703161176,0.4563141679903765,0.4249565465649102,0.12531196455610322,0.11899821186920856,0.0977328920139224,0.27332758527508344,0.2668971413537288,0.3576840056394954,-0.5609366347023702,0.30837669436393966,0.6625205532999553,0.410296910212937,0.14373133178854275,0.32792394929012453,0.21225381180399475,0.4189390449867224,-0.13937926872603312,-0.17643037862743885,-0.0575943336616598,-0.5116849973913881,-0.28038741313349846,0.06762323692485667,
NG=F,-0.12941525810797766,-0.1728724355909195,-0.19459566747235715,0.8803938201177872,0.5463181690345443,-0.6735254530582078,-0.14942920770465903,-0.28182916439028904,-0.2694866853761202,-0.2892477029783698,-0.2910515436581861,-0.34048988940470437,0.5030726589830173,1.0,0.38761524537418196,-0.678341396264293,-0.1433227453055181,0.6672118946294675,0.05116486013459127,0.6405190935071451,-0.035860622268078714,0.640224850769905,0.6275267625172466,0.6720260140603691,0.6409344360913574,0.47360235271078455,0.503847916037115,0.61252250601103,0.4912308790422346,0.37095310375061713,0.575439278005526,0.41872230299802893,0.5380526484397569,-0.2174372189999253,0.6589575632302275,0.5692814755717546,0.4486583577705734,0.46796056959335214,0.5937807040778817,0.5613136304361049,0.5410292682572192,0.21314310426820196,0.24362471349725515,0.23474908561209581,-0.4059245556041245,-0.10786138533166882,0.12570858891104242,
GF=F,-0.1408164541363036,-0.2861563203151732,-0.2906329412214638,0.945754664517803,0.4107853908235959,-0.36869539065502227,0.24828592232175697,-0.3181199815487398,-0.28042707042403353,-0.28236292729530915,-0.3287094436883282,-0.39191317984932894,0.8608710174890949,0.38761524537418196,1.0,-0.4073931956636763,-0.28897074520521365,0.2630023734688434,0.5721167829541389,-0.005818700919240285,-0.22556996817062344,0.2271987137527682,0.3463225149830231,0.2653769424630555,0.24318141306565172,0.4953654986602627,0.2701557463001184,0.034348191820478415,0.042884026989761695,-0.1040949189260954,0.15507239819779692,0.09332301177435934,0.20603536471537526,-0.48965914701393426,0.23053927285531714,0.5819146501231439,0.38359197856341753,-0.0059757509141284935,0.16788755760296623,0.05765273136452243,0.28580194017244775,-0.0915001966798164,-0.1562866655741517,-0.14387394648631324,-0.36263605242230995,-0.19326608694643735,0.15999429321496048,
ZB=F,-0.15716945754249348,-0.0732141322521588,-0.06814811330177689,-0.944905629938331,-0.8761486266647076,0.7157753027918885,0.30116535990072857,0.5368177536750691,0.5854560565738877,0.5898169100030556,0.6388850249974489,0.6112019561645893,-0.6032289000740512,-0.678341396264293,-0.4073931956636763,1.0,0.4996221926996018,-0.8396523105759781,0.030484324747280387,-0.5683588334003569,0.3520145844605097,-0.8092706261350978,-0.598294641300531,-0.8070767125013001,-0.7731113978020123,-0.10362126763223137,-0.7360144414084258,-0.3778464817504515,-0.3755928366564821,-0.40355304054220387,-0.4653242511494621,-0.4431136012404341,-0.6425831427233276,0.4882266341050042,-0.6537794897250421,-0.6761578824461514,-0.3597541627625069,-0.368242149537066,-0.5423053924299717,-0.4518623562388719,-0.6107571186354009,0.18720307081370255,-0.18203492062890111,-0.15475576256823623,0.7261197968142274,0.40763235127759856,0.13165943877664033,
MGC=F,-0.16605959627051764,-0.04914050792571596,-0.049283793235831354,-0.9262742040679841,-0.5398131067747292,0.32410834673826433,0.18405533699975757,0.5098267032206486,0.545317053317443,0.5457664795140463,0.5813786872678872,0.583407931616973,-0.36427115714419,-0.1433227453055181,-0.28897074520521365,0.4996221926996018,1.0,-0.3253577237148155,-0.009353226967077417,-0.27627455649014476,0.5485534985019802,-0.3029390552755338,-0.2087425650612954,-0.31900991430765513,-0.2585285795735481,0.39518539880954445,-0.5008834251071159,0.2376496353727388,0.07828831834415777,-0.023745270859914947,0.19376451503251962,-0.3773762761919049,-0.2977948153526736,0.48003775112496694,-0.1794788586307067,-0.3234918713531561,-0.4407943792013846,-0.0114462905669514,-0.021403893220029137,0.1049178923081719,-0.24061369732441618,0.6893163950249367,0.13117179030186663,0.045453607757899424,0.5015917182756074,0.35459921077520346,0.1468249876977351,
HO=F,-0.19260159463322618,-0.1780153762555363,-0.1860899288988519,0.9276476926423185,0.5307982788605576,-0.8372465484409489,-0.6583312429514757,-0.5831639893111863,-0.6054964988115794,-0.6122417612404917,-0.5922376379983895,-0.5121504074148265,0.4192652596942764,0.6672118946294675,0.2630023734688434,-0.8396523105759781,-0.3253577237148155,1.0,-0.10580571684570121,0.6728557248985282,-0.23794155842281656,0.9915875179725062,0.6839516769525091,0.9781219357038767,0.9673158090367724,0.45733196337779874,0.8727634635575583,0.6151192680307093,0.6478853168073909,0.7329264987832327,0.6816530811742155,0.6755898384892751,0.8730703085817373,-0.06830013128376997,0.8298554014400679,0.7735869003611962,0.5585690784422318,0.686357216139738,0.8062598823342796,0.746135873588918,0.8555140682697919,0.11332762048686619,0.4766093311640801,0.5628073134739904,-0.3159928998939743,0.023788906276326228,0.20458654620741937,
CC=F,-0.20318470076353023,-0.29550738075739647,-0.2951820150575553,-0.893833169028467,0.06232858820788569,-0.08835387306990591,0.33544860619681693,-0.08654441926977734,-0.02642475012719926,-0.024867566065842502,-0.06790550600539194,-0.12405123034934337,0.4777639777930226,0.05116486013459127,0.5721167829541389,0.030484324747280387,-0.009353226967077417,-0.10580571684570121,1.0,-0.209555619001333,-0.06726803928625755,-0.10893055339400842,0.18903704834843946,-0.06354141351002524,-0.07995824372151927,0.4101243304628,-0.10302639179854825,-0.09981473921277567,-0.2591105278039603,-0.24740018525631072,0.12480848295166833,-0.015341688012829105,-0.120590835120857,-0.32437479815712805,-0.011159624686825466,0.3313626169682148,0.07391981076722942,-0.17751347109152255,-0.02232463216091858,-0.024846213409914282,0.04524388430774029,0.05929805415569818,-0.12286488455016344,-0.23828907570923558,-0.047029429365121216,0.00016786258390076892,0.2172485475868226,
CT=F,-0.20479487813431768,-0.19475025514252545,-0.20374694283525924,0.9664255030566598,0.3563149523666862,-0.6177135949368716,-0.47565387320341507,-0.1920994035092424,-0.1820253540339756,-0.18720461931337518,-0.14451772908188684,-0.16345110888897704,0.20718642617198046,0.6405190935071451,-0.005818700919240285,-0.5683588334003569,-0.27627455649014476,0.6728557248985282,-0.209555619001333,1.0,0.15483549355329143,0.690260062085123,0.5986967266358523,0.721825582200559,0.7025908598109138,0.8144665461243996,0.5274807140250478,0.6020981771090386,0.7490908631482582,0.6007724008130999,0.49606571921102216,0.6872299611006587,0.6221100446156604,0.14407235043202152,0.6664801876043024,0.4751295810748385,0.5341885053630816,0.7448720654554241,0.6090418125402733,0.6695986710819246,0.6242321015179696,0.48714990001302366,0.3163585088104716,0.5814558745900212,-0.19218885192026558,0.10761515272548665,0.2117266064654317,
LBS=F,-0.2057797820394068,-0.09786592427000038,-0.09974669018965285,0.7660766764132164,-0.40802070141227875,0.2042772058595018,0.13789126124539772,0.6557286901272092,0.699036106557147,0.6994825104472864,0.7507884165641587,0.7141940135445569,-0.25819102819785184,-0.035860622268078714,-0.22556996817062344,0.3520145844605097,0.5485534985019802,-0.23794155842281656,-0.06726803928625755,0.15483549355329143,1.0,-0.2147838765426866,0.007272179999592132,-0.17690947839668258,-0.18816640599684248,0.7377335973251639,-0.4730067854827392,0.2281378234182451,0.434367702782324,0.04764213755789882,0.1011146990538928,-0.1112314201766388,-0.211621653910775,0.5906427106621633,0.000854169283731315,-0.25027949225808765,-0.131293203178147,0.24850373559600053,-0.0303397283750741,0.16234515160306298,-0.14122285364598464,0.8116671931742063,-0.02426744874030788,0.28001821321560455,0.3923646499169002,0.3434609109956131,0.1943059171523381,
BZ=F,-0.25155618577051264,-0.22825814546528486,-0.2344448836293452,0.9167046040481831,0.4805058475064621,-0.8549872852069107,-0.7075984435995738,-0.5964983241278867,-0.612292045015821,-0.6164079839790436,-0.5848003202106736,-0.5009617700992819,0.379895923451571,0.640224850769905,0.2271987137527682,-0.8092706261350978,-0.3029390552755338,0.9915875179725062,-0.10893055339400842,0.690260062085123,-0.2147838765426866,1.0,0.6925403436700204,0.9869072343812205,0.9765294319548733,0.5540867229730034,0.8811460291179911,0.6243126779271645,0.6637089187983042,0.7531016475265674,0.701175377763705,0.7040620963323188,0.8988045671782736,-0.011996693491643857,0.8593767975901061,0.7869733488534055,0.567496128271618,0.709417369961733,0.826314459542635,0.7739270782521326,0.8793156650674131,0.18405583562759945,0.5241587825736848,0.6139438136409576,-0.2517120765364919,0.09521737078983006,0.2651658279783243,
HE=F,-0.26513966326338023,-0.2663760188004227,-0.275046461802545,0.9344457617203474,0.40819830464057055,-0.6703931749472334,-0.34488046707442815,-0.3390216579267102,-0.3185652392023832,-0.32486906764001666,-0.3242740323254995,-0.33698575764216904,0.4286118196624332,0.6275267625172466,0.3463225149830231,-0.598294641300531,-0.2087425650612954,0.6839516769525091,0.18903704834843946,0.5986967266358523,0.007272179999592132,0.6925403436700204,1.0,0.7352606129892184,0.7441745378690309,0.6353664607858099,0.5482231369217369,0.5117300210857008,0.5360756428448104,0.5268399666843645,0.6241274806077806,0.5677083308322387,0.5856852692438286,-0.11944228677054239,0.6558121916053835,0.6544970887577987,0.5579034188298537,0.6082515063738955,0.6057655566796142,0.6619796938825956,0.6353787037773516,0.24760568114263468,0.28541286299775864,0.35504128037462046,-0.24539556611523353,0.05444109257248964,0.2778580793516667,
CL=F,-0.2721905545071131,-0.2541454211834685,-0.26080532172696347,0.906326922077828,0.4897888238139513,-0.859120194299481,-0.6621235943911381,-0.5654525226703128,-0.5748688856212106,-0.5790661649230561,-0.5520222915414423,-0.4831602683633257,0.4035950478214801,0.6720260140603691,0.2653769424630555,-0.8070767125013001,-0.31900991430765513,0.9781219357038767,-0.06354141351002524,0.721825582200559,-0.17690947839668258,0.9869072343812205,0.7352606129892184,1.0,0.9718926182326082,0.6414925087932133,0.8562720521100072,0.6287873823528486,0.6671899713814923,0.7152136653201503,0.6955515969546028,0.7107646758215674,0.8763917841958709,-0.027009012123946213,0.8700916942130046,0.7905949239888386,0.5907582770488456,0.7097642868958641,0.8007475120151364,0.7691062695187876,0.8735353389232666,0.2434698027047513,0.5051552394173473,0.5947243326845827,-0.26278520226076585,0.09279543727057282,0.2863198389149475,
RB=F,-0.2750946733549762,-0.25351153639881646,-0.2621472956287381,0.9288073003600948,0.45829595419206914,-0.8473063863642418,-0.6611177369050791,-0.5711996073882448,-0.5795790303218599,-0.5857573003813085,-0.5587743841332558,-0.5037925442923247,0.38958656703161176,0.6409344360913574,0.24318141306565172,-0.7731113978020123,-0.2585285795735481,0.9673158090367724,-0.07995824372151927,0.7025908598109138,-0.18816640599684248,0.9765294319548733,0.7441745378690309,0.9718926182326082,1.0,0.6151648240190691,0.8579847870889522,0.6226306738330087,0.6722560083609997,0.7674503144243087,0.7167526772927454,0.7054878834487345,0.8875531043894465,-0.02464801559887335,0.8215820760714343,0.780354878195569,0.5763416495857653,0.7396678824439963,0.8093269662825336,0.7999012178878129,0.8771503574662189,0.21020555859172402,0.4896251729068835,0.6025153555965073,-0.23482414875421256,0.11024474148437194,0.28682579945533887,
RTY=F,-0.2915994910329867,-0.27864414162998147,-0.28515317658301503,-0.9238503567982206,-0.03706760367247009,-0.4972260750848793,-0.12877694491795647,0.9249997973704596,0.8901267441127698,0.8890382633368853,0.7842551070753464,0.5411210250194189,0.4563141679903765,0.47360235271078455,0.4953654986602627,-0.10362126763223137,0.39518539880954445,0.45733196337779874,0.4101243304628,0.8144665461243996,0.7377335973251639,0.5540867229730034,0.6353664607858099,0.6414925087932133,0.6151648240190691,1.0,-0.30914638056830634,0.7490738973602024,0.9152001018088938,0.8817799137039322,0.7796898562786478,0.8770771180903916,0.6257399184953703,0.3963114847001948,0.6569504764468694,0.8329862838253029,0.618496455552399,0.8797306728035721,0.7748677304192003,0.899282152393974,0.8359379691024481,0.7120046502741411,-0.04906439253277972,0.7120046502741411,0.10569428573950675,0.25021374310232186,0.30114852839788425,
BRLUSD=X,-0.3012031138130181,-0.34745415283918424,-0.3490730540996683,-0.5420247127311076,0.4444642435484206,-0.8786574564581754,-0.7213083377090641,-0.8642738416374822,-0.8745120147507385,-0.8748031416515383,-0.843689672335285,-0.7622534405142346,0.4249565465649102,0.503847916037115,0.2701557463001184,-0.7360144414084258,-0.5008834251071159,0.8727634635575583,-0.10302639179854825,0.5274807140250478,-0.4730067854827392,0.8811460291179911,0.5482231369217369,0.8562720521100072,0.8579847870889522,-0.30914638056830634,1.0,0.3326547029824837,0.4066686514801804,0.6761019735520294,0.5676139461811461,0.7546686930646995,0.9390285403140448,-0.16661113341209674,0.7576629370518063,0.8064505959364077,0.6552849051296792,0.5770424221699809,0.7307665018642608,0.6456771385065394,0.8871920055418945,-0.14997572821544392,0.4283306083640027,0.5449661251639923,-0.21785778991820892,0.11619883892696983,0.32181709981181733,
ZO=F,-0.37107903890408284,-0.26517353728475124,-0.271620844424528,-0.6777688970018537,0.04622645043682485,-0.4397329284419524,-0.3815836522141189,-0.008286404330750804,0.017392619317177012,0.013835992465085139,0.07445388164801184,0.12423852646175067,0.12531196455610322,0.61252250601103,0.034348191820478415,-0.3778464817504515,0.2376496353727388,0.6151192680307093,-0.09981473921277567,0.6020981771090386,0.2281378234182451,0.6243126779271645,0.5117300210857008,0.6287873823528486,0.6226306738330087,0.7490738973602024,0.3326547029824837,1.0,0.7392212412234527,0.5935073267894628,0.6356473002483081,0.35893840941696664,0.485235458676889,0.36543882818103773,0.6409147212585122,0.42101726426854197,0.3719962199984836,0.6599950366521675,0.7225532815207689,0.6894295419403484,0.5189936774427564,0.4655164596920983,0.6354102109952329,0.49352148542991553,0.10555462400350983,0.3311018427468725,0.3639880050083622,
HG=F,-0.40214660362519977,-0.31754894115934573,-0.3224444516808478,-0.8944764249814542,0.04048886201152439,-0.5386236828657496,-0.5388203725935523,-0.01790016353227635,0.011789269536138073,0.010522359119402823,0.09471273752701166,0.10704169930374464,0.11899821186920856,0.4912308790422346,0.042884026989761695,-0.3755928366564821,0.07828831834415777,0.6478853168073909,-0.2591105278039603,0.7490908631482582,0.434367702782324,0.6637089187983042,0.5360756428448104,0.6671899713814923,0.6722560083609997,0.9152001018088938,0.4066686514801804,0.7392212412234527,1.0,0.7302320510365692,0.5744329027467026,0.5803345608557511,0.6196986040722902,0.489236454050329,0.6718911004842489,0.4660797152567346,0.512071441158358,0.8770970192172169,0.7158905627271851,0.7565672532687024,0.6206763180990642,0.7018432072558306,0.4363082901691741,0.7694032518201623,0.1310020430473572,0.3854506292271926,0.4058571169776179,
ZC=F,-0.4116316746528773,-0.34642826944487703,-0.35145117111704743,0.8692465826003624,0.0339973088379387,-0.6404504273579478,-0.7691132892424732,-0.42847602584264527,-0.41795319091456523,-0.4204411337830045,-0.33272862968816963,-0.26969653158546364,0.0977328920139224,0.37095310375061713,-0.1040949189260954,-0.40355304054220387,-0.023745270859914947,0.7329264987832327,-0.24740018525631072,0.6007724008130999,0.04764213755789882,0.7531016475265674,0.5268399666843645,0.7152136653201503,0.7674503144243087,0.8817799137039322,0.6761019735520294,0.5935073267894628,0.7302320510365692,1.0,0.7002807026814575,0.7263360796073498,0.8144912094892998,0.35083163088811764,0.6219584960820462,0.5746683769138409,0.5486305624901805,0.8845589096558641,0.8636692290678942,0.8691978991199987,0.7646837667460266,0.5662636913205114,0.5255904863399206,0.8062060946518772,0.16905131984096544,0.42575186254069,0.41300932215732783,
ZM=F,-0.46545734805124556,-0.44627252005489804,-0.4524630770260275,0.9280523206054054,0.16951561450195018,-0.7288178852384101,-0.5242606128913435,-0.40917155409974193,-0.37204453716864094,-0.37550522270597575,-0.31815083732822247,-0.2971107461802166,0.27332758527508344,0.575439278005526,0.15507239819779692,-0.4653242511494621,0.19376451503251962,0.6816530811742155,0.12480848295166833,0.49606571921102216,0.1011146990538928,0.701175377763705,0.6241274806077806,0.6955515969546028,0.7167526772927454,0.7796898562786478,0.5676139461811461,0.6356473002483081,0.5744329027467026,0.7002807026814575,1.0,0.5790909336568679,0.7028503763837383,0.1080950465159856,0.715449188284611,0.6764997391129551,0.4137754296422347,0.6610194907305391,0.8300265984953273,0.9217181659113097,0.7359318900659355,0.5064197609523738,0.5116523446265431,0.5536902791217218,0.04589622844849435,0.3413815890982977,0.47375385724382924,
SB=F,-0.4664355508670352,-0.4936396307595731,-0.4987111775433858,-0.879100493440482,0.16570058422629436,-0.7550376189265549,-0.7402059879074706,-0.5746032483470529,-0.5379618915380153,-0.5391604336059923,-0.471102104821964,-0.4749362533875135,0.2668971413537288,0.41872230299802893,0.09332301177435934,-0.4431136012404341,-0.3773762761919049,0.6755898384892751,-0.015341688012829105,0.6872299611006587,-0.1112314201766388,0.7040620963323188,0.5677083308322387,0.7107646758215674,0.7054878834487345,0.8770771180903916,0.7546686930646995,0.35893840941696664,0.5803345608557511,0.7263360796073498,0.5790909336568679,1.0,0.8101345918881866,0.13899652599927745,0.6349469726973042,0.6616451957167868,0.791882723648427,0.7826723838580933,0.7074240493770432,0.7398711190164169,0.8019824495470723,0.4389119567766635,0.3490800206284724,0.7345678959504922,0.041004966317436484,0.3446422627732747,0.47860097107028454,
AUDUSD=X,-0.47173031622884226,-0.48326684877294623,-0.4861491538944038,-0.8803497503884951,0.28146833651350034,-0.9217285082014685,-0.7864867781119387,-0.754598821156937,-0.7394683137831116,-0.7393146661185941,-0.6691682008173779,-0.6088223077078446,0.3576840056394954,0.5380526484397569,0.20603536471537526,-0.6425831427233276,-0.2977948153526736,0.8730703085817373,-0.120590835120857,0.6221100446156604,-0.211621653910775,0.8988045671782736,0.5856852692438286,0.8763917841958709,0.8875531043894465,0.6257399184953703,0.9390285403140448,0.485235458676889,0.6196986040722902,0.8144912094892998,0.7028503763837383,0.8101345918881866,1.0,0.07098535916747431,0.8482906339670327,0.832662301786194,0.6746511840406171,0.7569125364812951,0.8627227456986861,0.8137075487243937,0.9504056556084511,0.3207941925366605,0.5327796590216908,0.7425373453752114,-0.02544504139978851,0.3308201245804064,0.4889606693527433,
GC=F,-0.4859737695623667,-0.28615159328310935,-0.2877861099202372,-0.9262071213101706,-0.768238418529688,0.11619870675932398,-0.4304351526059523,0.3488521276900962,0.3939140986165066,0.3941662412331271,0.5362751684179091,0.6266339410482757,-0.5609366347023702,-0.2174372189999253,-0.48965914701393426,0.4882266341050042,0.48003775112496694,-0.06830013128376997,-0.32437479815712805,0.14407235043202152,0.5906427106621633,-0.011996693491643857,-0.11944228677054239,-0.027009012123946213,-0.02464801559887335,0.3963114847001948,-0.16661113341209674,0.36543882818103773,0.489236454050329,0.35083163088811764,0.1080950465159856,0.13899652599927745,0.07098535916747431,1.0,0.12565200578210467,-0.1826643724452458,0.11992444619770319,0.4154594155610404,0.22233563012445587,0.272726846869437,0.08444625836487171,0.690464621905499,0.4155347688363172,0.6564992163862244,0.808624520696781,0.7431453359848014,0.4591548751518731,
EURUSD=X,-0.49361893356994385,-0.47160022229896964,-0.4722227302399287,-0.9262113829093092,0.3053326145523744,-0.9087753749255868,-0.6412134598453376,-0.539037174776052,-0.5128512268117512,-0.511373660936108,-0.4441017346708695,-0.3731753037572178,0.30837669436393966,0.6589575632302275,0.23053927285531714,-0.6537794897250421,-0.1794788586307067,0.8298554014400679,-0.011159624686825466,0.6664801876043024,0.000854169283731315,0.8593767975901061,0.6558121916053835,0.8700916942130046,0.8215820760714343,0.6569504764468694,0.7576629370518063,0.6409147212585122,0.6718911004842489,0.6219584960820462,0.715449188284611,0.6349469726973042,0.8482906339670327,0.12565200578210467,1.0,0.8086088403507141,0.5616365723753217,0.6796184431921155,0.8073288402514701,0.7702210718662724,0.8574072910102815,0.46240896837115675,0.6276236367872161,0.6488485620363149,-0.046020759575096847,0.32629593961455144,0.5147201852423636,
GBPUSD=X,-0.5106368716849151,-0.5932136053215313,-0.5950522078536139,-0.9269701388626627,0.39978054953951764,-0.9108191575803195,-0.4746709229829045,-0.7488035626697152,-0.7043375147587615,-0.703093590848853,-0.663188344986155,-0.638530229453687,0.6625205532999553,0.5692814755717546,0.5819146501231439,-0.6761578824461514,-0.3234918713531561,0.7735869003611962,0.3313626169682148,0.4751295810748385,-0.25027949225808765,0.7869733488534055,0.6544970887577987,0.7905949239888386,0.780354878195569,0.8329862838253029,0.8064505959364077,0.42101726426854197,0.4660797152567346,0.5746683769138409,0.6764997391129551,0.6616451957167868,0.832662301786194,-0.1826643724452458,0.8086088403507141,1.0,0.6573517343294603,0.5919386457134761,0.780553137064086,0.7027101242591005,0.8753972219325563,0.15846643428852747,0.4325148336498559,0.48789438735480184,-0.15402680124769275,0.23036820345024958,0.5373182187931322,
KC=F,-0.5148547662245772,-0.5596119323500349,-0.5683745241369582,0.9509685904922662,0.08790257194293125,-0.6510482310005995,-0.5460094498426413,-0.5112055885461315,-0.4583003087411486,-0.4633299209054602,-0.39111021458924694,-0.39306011515004086,0.410296910212937,0.4486583577705734,0.38359197856341753,-0.3597541627625069,-0.4407943792013846,0.5585690784422318,0.07391981076722942,0.5341885053630816,-0.131293203178147,0.567496128271618,0.5579034188298537,0.5907582770488456,0.5763416495857653,0.618496455552399,0.6552849051296792,0.3719962199984836,0.512071441158358,0.5486305624901805,0.4137754296422347,0.791882723648427,0.6746511840406171,0.11992444619770319,0.5616365723753217,0.6573517343294603,1.0,0.6528556132550661,0.5984390391150518,0.5578587047334678,0.6765687762496763,0.2788497540746187,0.2830391661731685,0.5807988456495384,0.06187963018267086,0.32419008297596635,0.5183216213266533,
ZL=F,-0.5398429856491658,-0.4881341921357256,-0.49725418887292966,0.7604255110061203,0.009828649418813482,-0.6641349244149667,-0.6691504059832902,-0.2827167911843377,-0.23955824351577878,-0.24387988074546774,-0.14960430142404116,-0.1392556385704987,0.14373133178854275,0.46796056959335214,-0.0059757509141284935,-0.368242149537066,-0.0114462905669514,0.686357216139738,-0.17751347109152255,0.7448720654554241,0.24850373559600053,0.709417369961733,0.6082515063738955,0.7097642868958641,0.7396678824439963,0.8797306728035721,0.5770424221699809,0.6599950366521675,0.8770970192172169,0.8845589096558641,0.6610194907305391,0.7826723838580933,0.7569125364812951,0.4154594155610404,0.6796184431921155,0.5919386457134761,0.6528556132550661,1.0,0.8204983984534516,0.8890385979574449,0.7577242426991074,0.7091028951401634,0.5042502667701382,0.8352829834987759,0.19866691073165438,0.4948410625729312,0.5392640832730435,
KE=F,-0.5452388250236634,-0.518266427475975,-0.5264468620856942,0.9216830955043859,0.1519510096502028,-0.8005227916509541,-0.6788902520629773,-0.5293476823652951,-0.4922408333167994,-0.49711161396670683,-0.40634545517058585,-0.3425099808950789,0.32792394929012453,0.5937807040778817,0.16788755760296623,-0.5423053924299717,-0.021403893220029137,0.8062598823342796,-0.02232463216091858,0.6090418125402733,-0.0303397283750741,0.826314459542635,0.6057655566796142,0.8007475120151364,0.8093269662825336,0.7748677304192003,0.7307665018642608,0.7225532815207689,0.7158905627271851,0.8636692290678942,0.8300265984953273,0.7074240493770432,0.8627227456986861,0.22233563012445587,0.8073288402514701,0.780553137064086,0.5984390391150518,0.8204983984534516,1.0,0.9074832672748666,0.8547673716620883,0.4661469964950591,0.6525471511595774,0.717134361553504,0.08726019345606414,0.42853838797471694,0.5485007284268076,
ZS=F,-0.5601927144160416,-0.5241042361871271,-0.5312403918591824,0.9276458909095003,0.09577382495269186,-0.7753747139339581,-0.6646892733747969,-0.4185185599272661,-0.37547956378566355,-0.3787800289376068,-0.29571420246142627,-0.272389426129897,0.21225381180399475,0.5613136304361049,0.05765273136452243,-0.4518623562388719,0.1049178923081719,0.746135873588918,-0.024846213409914282,0.6695986710819246,0.16234515160306298,0.7739270782521326,0.6619796938825956,0.7691062695187876,0.7999012178878129,0.899282152393974,0.6456771385065394,0.6894295419403484,0.7565672532687024,0.8691978991199987,0.9217181659113097,0.7398711190164169,0.8137075487243937,0.272726846869437,0.7702210718662724,0.7027101242591005,0.5578587047334678,0.8890385979574449,0.9074832672748666,1.0,0.8330900382086928,0.6699818019781943,0.5745302910439194,0.756950293591092,0.14336096413466756,0.4701870426224936,0.5660767921529876,
PL=F,-0.5619730784703889,-0.5734159504290346,-0.5761563863678384,-0.7942301872648276,0.25177049905737153,-0.9161579312739295,-0.7138849737135777,-0.7116066364475533,-0.6798036959142255,-0.6791512667536256,-0.6172089816717067,-0.5501300993152388,0.4189390449867224,0.5410292682572192,0.28580194017244775,-0.6107571186354009,-0.24061369732441618,0.8555140682697919,0.04524388430774029,0.6242321015179696,-0.14122285364598464,0.8793156650674131,0.6353787037773516,0.8735353389232666,0.8771503574662189,0.8359379691024481,0.8871920055418945,0.5189936774427564,0.6206763180990642,0.7646837667460266,0.7359318900659355,0.8019824495470723,0.9504056556084511,0.08444625836487171,0.8574072910102815,0.8753972219325563,0.6765687762496763,0.7577242426991074,0.8547673716620883,0.8330900382086928,1.0,0.42641307915714804,0.5408339844499058,0.7451111978618443,0.012198167456989527,0.3831049824241327,0.5791671934345973,
SIL=F,-0.5981423904006902,-0.4846259500351734,-0.4872642981646682,-0.9126665907340565,-0.3776524557933611,-0.27061900174532766,-0.49437792739144115,0.3761744017696401,0.48090672432914566,0.48345670742530555,0.549901639641862,0.47562413718685304,-0.13937926872603312,0.21314310426820196,-0.0915001966798164,0.18720307081370255,0.6893163950249367,0.11332762048686619,0.05929805415569818,0.48714990001302366,0.8116671931742063,0.18405583562759945,0.24760568114263468,0.2434698027047513,0.21020555859172402,0.7120046502741411,-0.14997572821544392,0.4655164596920983,0.7018432072558306,0.5662636913205114,0.5064197609523738,0.4389119567766635,0.3207941925366605,0.690464621905499,0.46240896837115675,0.15846643428852747,0.2788497540746187,0.7091028951401634,0.4661469964950591,0.6699818019781943,0.42641307915714804,1.0,0.2752096945086534,0.9999999860221909,0.4975415537123429,0.6484074151734895,0.5960477578818439,
ZR=F,-0.5982927441350941,-0.4815294483566725,-0.48748914657031234,0.9111929659732986,-0.1913173734348656,-0.45946521175384153,-0.5760413318976944,-0.3185080853372384,-0.28449252180395507,-0.28798539969996384,-0.17939219096095416,-0.034768140514878434,-0.17643037862743885,0.24362471349725515,-0.1562866655741517,-0.18203492062890111,0.13117179030186663,0.4766093311640801,-0.12286488455016344,0.3163585088104716,-0.02426744874030788,0.5241587825736848,0.28541286299775864,0.5051552394173473,0.4896251729068835,-0.04906439253277972,0.4283306083640027,0.6354102109952329,0.4363082901691741,0.5255904863399206,0.5116523446265431,0.3490800206284724,0.5327796590216908,0.4155347688363172,0.6276236367872161,0.4325148336498559,0.2830391661731685,0.5042502667701382,0.6525471511595774,0.5745302910439194,0.5408339844499058,0.2752096945086534,1.0,0.5051265910513348,0.3831095384060397,0.5916391985903314,0.5836837849894311,
