,DGS10,DGS2,LE=F,NG=F,HO=F,CL=F,^IRX,DGS3MO,BZ=F,GF=F,RB=F,BRLUSD=X,GBPUSD=X,EURUSD=X,CT=F,HE=F,AUDUSD=X,ZM=F,OJ=F,JPY=X,PL=F,CC=F,KE=F,KC=F,ZS=F,SB=F,HG=F,RTY=F,ZO=F,ZC=F,ZL=F,ZR=F,LBS=F,YM=F,SI=F,ES=F,^GSPC,SIL=F,UUP,NQ=F,MGC=F,PA=F,ZT=F,GC=F,ZF=F,ZB=F,ZN=F,trending
DGS10,1.0,0.5272630043374013,0.4521153511974891,0.44625629477320317,0.3879081656914005,0.37751960639762655,0.3662727920938884,0.3637613620462122,0.35705356091615653,0.34361314551907407,0.33461092734929576,0.32702484574602747,0.30397134998015196,0.3012403627023132,0.2669676718316947,0.2580465287343445,0.20817001629885099,0.18993775025683984,0.15891266766871917,0.13611377133897537,0.1336023166726591,0.11294243720110919,0.047611739907164066,-0.0038727680059225784,-0.014334661625098225,-0.05120182467927171,-0.052799290328968664,-0.06345274999014419,-0.07420590248329544,-0.15716632971376499,-0.19854920097020928,-0.20511925630532524,-0.2303861504201135,-0.24456875671589082,-0.3027215894996194,-0.30583191521891595,-0.30771237037762056,-0.3205669237819877,-0.4052199328903122,-0.4105771106369182,-0.47770815872022415,-0.49690523953892196,-0.5036257028793699,-0.7124042624447253,-0.7857624467835248,-0.8371929088000817,-0.9581053128316436,
DGS2,0.5272630043374013,1.0,-0.22503600874605537,-0.1989944224248456,-0.2500757697613087,-0.2970066348676359,0.9467603321808582,0.9464686780681959,-0.28192816792615977,-0.2657953961525751,-0.30439853774190057,-0.37077836324841085,-0.5607076543275711,-0.43988686971270713,-0.06822190504608137,-0.37856178807250096,-0.4816670203438452,-0.4168547148106746,-0.19539053149213184,0.3557834986828632,-0.6223230688973459,-0.2841565691421549,-0.5443129856829555,-0.5828802115085004,-0.5705996865906237,-0.531092447446106,-0.3284817663104412,-0.33092015267750224,-0.34105114055260427,-0.4386414459389578,-0.5300639889136446,-0.5657429373757944,-0.03751749285430865,0.3494054467277257,-0.5724109677951849,0.2300957289457734,0.22739932788203668,-0.5326045965579356,0.4326183953108609,0.12370865490811642,-0.11516518086922377,0.03597836833132021,-0.9984121498426378,-0.4128365360040044,-0.9011468952870774,-0.1345428802591262,-0.700002913699626,
LE=F,0.4521153511974891,-0.22503600874605537,1.0,0.4882039878321993,0.34121247306637487,0.34194218553279626,-0.3799036654455926,-0.3834910030882253,0.30003564802482285,0.8911639703650358,0.30112276808209226,0.37819491982905334,0.6886484394580001,0.36186410197181335,0.05247314463376788,0.40242592722713,0.3285281579933709,0.32897898110508006,-0.283780233165312,0.2236332843003878,0.43693758164120083,0.585394960048871,0.34071452588294526,0.4679020833707448,0.19511666309075557,0.1634769364367092,0.08676129819336015,0.5801671842029869,0.19517674565863496,-0.0095022863072026,0.0480816253213282,-0.07701492629536952,-0.16175208290480234,-0.36087862084392247,-0.08723667410639617,-0.30515667619230574,-0.3058111400101135,-0.023292300011248743,-0.48870921335996226,-0.3460743804895771,-0.2833966427476652,-0.41205272034275586,0.24814497300201782,-0.47486821953807523,-0.13845912718890546,-0.545705992557781,-0.3673977911380723,
NG=F,0.44625629477320317,-0.1989944224248456,0.4882039878321993,1.0,0.6702150047083439,0.6845475488179377,-0.23152059252026547,-0.2509656198687562,0.6390949518437681,0.4072070969566034,0.6510520858521416,0.41783257733211093,0.5270524560040287,0.6573345837749263,0.6004036325336582,0.6494202994723012,0.49342330254511774,0.6387130282774411,0.5193370269004407,-0.10099455064085057,0.5242546395792065,0.13056475815283358,0.6246940045627366,0.536573544642693,0.5988910712974576,0.3636010766987378,0.517433109553104,0.6480404322869213,0.6168256616999656,0.32752025164965537,0.4413239955031225,0.3432249945099897,0.1178753927636394,-0.0865603675074515,0.24961438261479033,-0.05229085515273971,-0.06362595737727088,0.3949163068224963,-0.6240342357922767,-0.06927308513000072,-0.017705693986907724,-0.12486150437072147,0.19106249609743345,-0.06699826970089512,-0.055777005668218575,-0.6372642175432724,-0.3325326952512339,
HO=F,0.3879081656914005,-0.2500757697613087,0.34121247306637487,0.6702150047083439,1.0,0.9784923512781764,-0.20122569370094257,-0.20838172082326445,0.9915058320784529,0.26516807856233743,0.9616790639359779,0.7921135838236274,0.7024392124330443,0.8605960739418325,0.6017592230004342,0.6710771302984794,0.8529068881830864,0.7339434990761504,0.4654315378753873,-0.6370529718058812,0.8268135835987789,0.01833670285644759,0.7931480155582009,0.5755511564743112,0.7480111510247899,0.5969948460927347,0.6504935327810075,0.6432803360435174,0.5639743106489863,0.6568771181329298,0.5823151065949157,0.5674441566154975,-0.02510631179440605,-0.3623940010686044,0.6127195182377576,-0.36536304823804105,-0.3704896484284212,0.33961417551705403,-0.8008819628457522,-0.341690541427876,-0.194771468983183,-0.25727613971744306,0.25417830279026205,0.138082862444761,0.10192806477161494,-0.7743499920022933,-0.1892113682468193,
CL=F,0.37751960639762655,-0.2970066348676359,0.34194218553279626,0.6845475488179377,0.9784923512781764,1.0,-0.2574177135363287,-0.2629086506276259,0.9861716435779883,0.277488315295733,0.9721363228831412,0.7729008845689692,0.7173508238063742,0.884933858079994,0.6371092866767094,0.7355000132059132,0.8429378152162184,0.7378545384704145,0.4717839909163659,-0.6234591294945097,0.8331028979694529,0.06173707248680849,0.7753940906271891,0.6099682610858578,0.7621125774986488,0.6245231571056459,0.6493226711782041,0.7566314438334829,0.5631740748559556,0.6243516244174715,0.5965059921657485,0.5731450248770261,0.009898009721338601,-0.34559099346295885,0.6142566306321141,-0.33759315982923876,-0.3404358309442243,0.4193002059227377,-0.8203154931071065,-0.31284858472998156,-0.19445235918578047,-0.24358167466550518,0.3028069572426022,0.14252859003661444,0.12927216456020077,-0.7517068115168236,-0.17717672967379997,
^IRX,0.3662727920938884,0.9467603321808582,-0.3799036654455926,-0.23152059252026547,-0.20122569370094257,-0.2574177135363287,1.0,0.9998717239662757,-0.2275328198763052,-0.4059107644374819,-0.2557600550658482,-0.3754448602216375,-0.6299715241716748,-0.41289581600042685,-0.08610690488730646,-0.35343313194007775,-0.46601362864050555,-0.41691711285246874,0.42053658619637646,0.22266808129120388,-0.6005764070668745,-0.388593295613281,-0.5173191226713965,-0.6250863014704701,-0.517096995195399,-0.5125328044335875,-0.25086424223655424,-0.3875837722756323,-0.2717224302811746,-0.34072906836507616,-0.45362209396379827,-0.451320578662212,-0.009242765373022044,0.42546710114620573,-0.45449026437139683,0.2933049761599891,0.28827241629306877,-0.4268894001070535,0.4838011610707835,0.20307481096747937,-0.010817714457767053,0.19885674378122664,-0.9513443726431338,-0.20869948896533327,-0.7642544020267479,-0.05403635774345256,-0.5309225546012731,
DGS3MO,0.3637613620462122,0.9464686780681959,-0.3834910030882253,-0.2509656198687562,-0.20838172082326445,-0.2629086506276259,0.9998717239662757,1.0,-0.23274460559183316,-0.4089285443708323,-0.2632627928506912,-0.37658248603333944,-0.6310026573489644,-0.4127421303395773,-0.09246083109990971,-0.3595423262138088,-0.4683336838757251,-0.4221871374129404,0.3453391169358443,0.2201780434353456,-0.6027856442180004,-0.38807724305479685,-0.5242782595001476,-0.6319999865360127,-0.5234053090641565,-0.5169431934425165,-0.25461728453807264,-0.3940773575495484,-0.27593661975105166,-0.345341379992174,-0.46085099022674003,-0.4566951508741175,-0.010899118771551036,0.4246470726395687,-0.45700292271344084,0.29195908608105,0.28917684764999313,-0.429503402583952,0.48650478488107285,0.20181720956293167,-0.011211785086522267,0.19902809169551247,-0.9510381697593958,-0.21067949150117635,-0.7624171165129833,-0.04976698206466479,-0.5274207354354913,
BZ=F,0.35705356091615653,-0.28192816792615977,0.30003564802482285,0.6390949518437681,0.9915058320784529,0.9861716435779883,-0.2275328198763052,-0.23274460559183316,1.0,0.22675182044469372,0.9726910077562839,0.8045515125232057,0.7093564477384248,0.8768488674522524,0.6046501041466007,0.683044048005924,0.8727046453434774,0.7382431217093038,0.46947691522249113,-0.6867645155223355,0.8432885200167692,0.014638149536802127,0.7944016132173829,0.568470476542361,0.7623535945141335,0.6209333454854722,0.639409031268497,0.6872457442258201,0.5448223406100204,0.6640510044836153,0.5883730822409647,0.5980775772103928,-0.03628406932761213,-0.3866492453335771,0.6456705663812606,-0.3871098725575191,-0.39012557865787695,0.3730818198749261,-0.8154615943714413,-0.3551804497459717,-0.18694958403192138,-0.2629111281007719,0.28732111864219506,0.16733722377256485,0.14591623119323302,-0.7484957107031686,-0.14876855398262956,
GF=F,0.34361314551907407,-0.2657953961525751,0.8911639703650358,0.4072070969566034,0.26516807856233743,0.277488315295733,-0.4059107644374819,-0.4089285443708323,0.22675182044469372,1.0,0.23037570848499495,0.28490410545680195,0.6614598289908329,0.3404886355717116,-0.0879529503335167,0.3814928391679282,0.2385876021214602,0.2648823082636409,-0.08478974077172799,0.27637543645195967,0.3689995851562888,0.6555091520126622,0.23473424363493411,0.430125987812733,0.09218594608512345,0.010459723306840751,0.047357412895439314,0.7453064373416418,0.1255143204616612,-0.14049914312860223,-0.04721622114868237,-0.038759174483384555,-0.16113503423758782,-0.29923889297170403,-0.13677360762655755,-0.23742782830692769,-0.2378120013996544,0.0045704418347388516,-0.42937508907801863,-0.2726714486998689,-0.2223561071271276,-0.32389193419911794,0.287057782538427,-0.4321951171826524,-0.09629620589514998,-0.42658666133486306,-0.28045289992815325,
RB=F,0.33461092734929576,-0.30439853774190057,0.30112276808209226,0.6510520858521416,0.9616790639359779,0.9721363228831412,-0.2557600550658482,-0.2632627928506912,0.9726910077562839,0.23037570848499495,1.0,0.7551002461157389,0.6979696666423435,0.8382299985224527,0.6451184755259818,0.7519863581735861,0.8447894181903014,0.7608009279900425,0.5411128536757618,-0.6341073696576524,0.8243024374297313,0.0285223843859008,0.7832542095959464,0.5870260106950985,0.8083864175998821,0.6300249932661426,0.6704479578300306,0.7716739146494741,0.5581203785730301,0.6862144453356621,0.6475139063285962,0.5685539174543107,0.023073142380109213,-0.32657942486110547,0.6368385315148485,-0.3172004885972055,-0.32159649543385194,0.42740369090589253,-0.8009420790932088,-0.29093994140632523,-0.12628203699386736,-0.23787904722929107,0.30764133824319334,0.16733800483866212,0.1604166174720236,-0.7036663159207264,-0.13691137180056498,
BRLUSD=X,0.32702484574602747,-0.37077836324841085,0.37819491982905334,0.41783257733211093,0.7921135838236274,0.7729008845689692,-0.3754448602216375,-0.37658248603333944,0.8045515125232057,0.28490410545680195,0.7551002461157389,1.0,0.7588479693536619,0.77020619492809,0.28787761742952245,0.46835633303907787,0.9468512841664588,0.5955421572566377,0.33553676240837754,-0.7087172740648364,0.8938300732301749,0.043453837149816175,0.6360021827411868,0.5415795851438375,0.5782982044602694,0.6544694680100474,0.2548755590196378,-0.3957627727351829,0.15386867005882632,0.5119213335207254,0.33912170664547797,0.43625031898580363,-0.43155795072738223,-0.8062119343738515,0.5380091974849652,-0.806422359652695,-0.8062308185426849,-0.0407368411119327,-0.8757638186302676,-0.7762566185679114,-0.4724264886015755,-0.657556470579819,0.3865150653217623,-0.09785972932410497,0.20006242972437507,-0.6837078719792793,-0.08816988460644454,
GBPUSD=X,0.30397134998015196,-0.5607076543275711,0.6886484394580001,0.5270524560040287,0.7024392124330443,0.7173508238063742,-0.6299715241716748,-0.6310026573489644,0.7093564477384248,0.6614598289908329,0.6979696666423435,0.7588479693536619,1.0,0.8069320689858062,0.23152318049822174,0.6254085835070826,0.7811614782230138,0.68107168589102,0.052169637613598385,-0.3663796957293808,0.8537507814347165,0.5294286802468449,0.6970347533212243,0.6027002008865905,0.6248416507534508,0.49265922475404644,0.3056049879003603,0.7548163586066584,0.29239769537718446,0.41380818336756015,0.37246225028074986,0.4760094659786799,-0.2421340793534767,-0.6648587805624295,0.3993239267156657,-0.6042198254601511,-0.6023483240240993,0.17246009665518008,-0.8850432754231936,-0.5738578783624977,-0.27735703235575504,-0.5151875844657974,0.5826638523225075,-0.1601786164996122,0.26505992024187436,-0.6286791299369292,-0.07249090460380402,
EURUSD=X,0.3012403627023132,-0.43988686971270713,0.36186410197181335,0.6573345837749263,0.8605960739418325,0.884933858079994,-0.41289581600042685,-0.4127421303395773,0.8768488674522524,0.3404886355717116,0.8382299985224527,0.77020619492809,0.8069320689858062,1.0,0.47374893116756556,0.6927090337740685,0.8395742813639318,0.7183665670980937,-0.06384624234652561,-0.5858366649887898,0.8549122200634781,0.1800467204443339,0.7530532637579815,0.5684269085022882,0.7122335823472317,0.5212014660083002,0.5277535583884939,0.5175730663207417,0.46905792237251964,0.4955301726822696,0.49559863431659074,0.656477310197389,-0.04329077402333804,-0.4571307161174084,0.5649721324920145,-0.43451268202823057,-0.4328849202411848,0.41258881619853566,-0.9092074559252384,-0.39521581399001576,-0.1666769582294022,-0.27158799974013864,0.45378110196435356,0.12131319730730264,0.24816749430405122,-0.6848289788633835,-0.0743572526707115,
CT=F,0.2669676718316947,-0.06822190504608137,0.05247314463376788,0.6004036325336582,0.6017592230004342,0.6371092866767094,-0.08610690488730646,-0.09246083109990971,0.6046501041466007,-0.0879529503335167,0.6451184755259818,0.28787761742952245,0.23152318049822174,0.47374893116756556,1.0,0.4749418316357332,0.417107904735345,0.4230924152419692,-0.20356187728249733,-0.3370214923952123,0.3792412460837783,-0.23672253894257586,0.5656604949562846,0.5328265398781141,0.594843569250258,0.5429429843163153,0.7220070563345586,0.8026744493116968,0.6397996813241977,0.5455258177729738,0.6757166477978812,0.3628816945034037,0.38976980799496075,0.14791125655713397,0.5054799336818722,0.16912014402194364,0.1663925034611194,0.5031597362681042,-0.3881772305356658,0.1956775474785044,-0.10299944079975015,0.076606626302332,0.0645387227504706,0.29781384576804637,0.014644784777605719,-0.43543143143582475,-0.19389550856440527,
HE=F,0.2580465287343445,-0.37856178807250096,0.40242592722713,0.6494202994723012,0.6710771302984794,0.7355000132059132,-0.35343313194007775,-0.3595423262138088,0.683044048005924,0.3814928391679282,0.7519863581735861,0.46835633303907787,0.6254085835070826,0.6927090337740685,0.4749418316357332,1.0,0.5579463053468042,0.693080590658703,0.7919116259266071,-0.30025877088367864,0.6375038890969565,0.23075361632295505,0.6222729117406771,0.5765586678150821,0.7274299069317652,0.4839589312774374,0.5517292605676644,0.7625447508033929,0.5064689535294923,0.48117009144800593,0.5798418875501186,0.41468907804772365,0.13794906346393612,-0.14762185837358477,0.3893551872104704,-0.10543743223437371,-0.10825372309932546,0.45558639690601455,-0.6452458289212104,-0.10243448382373932,-0.020454123560468978,-0.07195542288663224,0.384764922819998,0.062192836121987415,0.16415612796210052,-0.5236610644706307,-0.11780599031847794,
AUDUSD=X,0.20817001629885099,-0.4816670203438452,0.3285281579933709,0.49342330254511774,0.8529068881830864,0.8429378152162184,-0.46601362864050555,-0.4683336838757251,0.8727046453434774,0.2385876021214602,0.8447894181903014,0.9468512841664588,0.7811614782230138,0.8395742813639318,0.417107904735345,0.5579463053468042,1.0,0.6927339613541407,0.34574530016763255,-0.7669862626734814,0.9436243359580664,0.0077454081286976355,0.784630989559804,0.6068604194831019,0.7498300714084237,0.7341843041498819,0.48005006116540083,0.4947746778263269,0.32861468904986846,0.6864006606734605,0.5617893493162863,0.5602603162765403,-0.20795188984409524,-0.6750038912273572,0.7169754082657208,-0.6556623616843554,-0.6551653209907297,0.3164371643395834,-0.9042403531841616,-0.5997037350866989,-0.2830495562431597,-0.5019743462216038,0.4931241629177191,0.11712087278213858,0.34925180248794396,-0.626134757499932,0.040116053940547486,
ZM=F,0.18993775025683984,-0.4168547148106746,0.32897898110508006,0.6387130282774411,0.7339434990761504,0.7378545384704145,-0.41691711285246874,-0.4221871374129404,0.7382431217093038,0.2648823082636409,0.7608009279900425,0.5955421572566377,0.68107168589102,0.7183665670980937,0.4230924152419692,0.693080590658703,0.6927339613541407,1.0,0.3736619887204507,-0.4511757592642389,0.7190892081085681,0.22770566135112963,0.8007885637238635,0.5118689452630606,0.8712200795387351,0.5322124633059525,0.4690480087802026,0.7558045178047056,0.5453565744732815,0.6018046156815001,0.5246224391677662,0.5844301499865284,0.06812711693012029,-0.3436961912136193,0.4524252047899312,-0.3039343261048076,-0.3070372119591561,0.424907943262249,-0.7240420455502115,-0.2818841124880018,0.189966640935176,-0.24809661291707089,0.42032941910288263,0.08348010071871492,0.24818848640085403,-0.5111341362255788,-0.014273116563511374,
OJ=F,0.15891266766871917,-0.19539053149213184,-0.283780233165312,0.5193370269004407,0.4654315378753873,0.4717839909163659,0.42053658619637646,0.3453391169358443,0.46947691522249113,-0.08478974077172799,0.5411128536757618,0.33553676240837754,0.052169637613598385,-0.06384624234652561,-0.20356187728249733,0.7919116259266071,0.34574530016763255,0.3736619887204507,1.0,0.36779171182010306,0.19394423131592806,0.14647662709013418,-0.15201203845426695,-0.547151105594501,0.6588784470316409,-0.6892187431921682,-0.25104670966048226,-0.2829109898191827,-0.6039961935078728,-0.15907270940981838,0.482244002492507,0.3600862563320644,-0.320402556090903,-0.33132511132290327,0.06059134650073142,-0.3965031919639869,-0.08494185518221864,0.06059134650073142,-0.3947348580328608,-0.4806949176359177,0.14030773273600206,0.5250260281370377,-0.32919875372199514,0.1346371941430167,-0.23880397318617635,-0.5507453387680259,-0.3378036009190204,
JPY=X,0.13611377133897537,0.3557834986828632,0.2236332843003878,-0.10099455064085057,-0.6370529718058812,-0.6234591294945097,0.22266808129120388,0.2201780434353456,-0.6867645155223355,0.27637543645195967,-0.6341073696576524,-0.7087172740648364,-0.3663796957293808,-0.5858366649887898,-0.3370214923952123,-0.30025877088367864,-0.7669862626734814,-0.4511757592642389,0.36779171182010306,1.0,-0.6702753381885012,0.2783015973481986,-0.5620793636169401,-0.39535868200401786,-0.5934678140771148,-0.6962700779595814,-0.4111678527049577,0.341396256128053,-0.22169909033472462,-0.6829642331732593,-0.5164920244968881,-0.5675848548341013,0.1578899595329404,0.4616508636887169,-0.8016317537931913,0.4738757169708132,0.47210538604530017,-0.4120121680930997,0.5602514396634988,0.3791712117557843,0.1564496595095665,0.21687931362634322,-0.3545834758657957,-0.4732011894814273,-0.463160919956151,0.24404988281042073,-0.32512101560727885,
PL=F,0.1336023166726591,-0.6223230688973459,0.43693758164120083,0.5242546395792065,0.8268135835987789,0.8331028979694529,-0.6005764070668745,-0.6027856442180004,0.8432885200167692,0.3689995851562888,0.8243024374297313,0.8938300732301749,0.8537507814347165,0.8549122200634781,0.3792412460837783,0.6375038890969565,0.9436243359580664,0.7190892081085681,0.19394423131592806,-0.6702753381885012,1.0,0.20146625385052808,0.7782426783411429,0.6594440312266194,0.7730057427430493,0.7286121994282304,0.4821271080803541,0.7721435201972264,0.37855206987309425,0.628114067147572,0.5736124007324155,0.5706063162549584,-0.15669576692728795,-0.6338980657425153,0.7096937748726997,-0.5910298540098183,-0.5899143996233902,0.4403800067095558,-0.896617329497743,-0.540495151368064,-0.2189351417069334,-0.4204171432263686,0.63383355287876,0.14007170479977582,0.4399879525674521,-0.5698248921472928,0.11703625348207335,
CC=F,0.11294243720110919,-0.2841565691421549,0.585394960048871,0.13056475815283358,0.01833670285644759,0.06173707248680849,-0.388593295613281,-0.38807724305479685,0.014638149536802127,0.6555091520126622,0.0285223843859008,0.043453837149816175,0.5294286802468449,0.1800467204443339,-0.23672253894257586,0.23075361632295505,0.0077454081286976355,0.22770566135112963,0.14647662709013418,0.2783015973481986,0.20146625385052808,1.0,0.0720403607251108,0.16174215626762897,0.025004401008275837,-0.03410217228591934,-0.23838267700221752,0.26285012559094245,-0.034402994801145316,-0.22800892759997243,-0.19080790608221,0.009429650530083511,-0.17586677455307223,-0.25222711127549324,-0.23151772879124533,-0.18490267334837032,-0.1834429303370665,0.008893068673837943,-0.2580853263060091,-0.21614631302832477,-0.06703658239595259,-0.23969435404842288,0.3016369317610992,-0.3668459398902094,0.0287525334780149,-0.08107491600557226,-0.0654466362283495,
KE=F,0.047611739907164066,-0.5443129856829555,0.34071452588294526,0.6246940045627366,0.7931480155582009,0.7753940906271891,-0.5173191226713965,-0.5242782595001476,0.7944016132173829,0.23473424363493411,0.7832542095959464,0.6360021827411868,0.6970347533212243,0.7530532637579815,0.5656604949562846,0.6222729117406771,0.784630989559804,0.8007885637238635,-0.15201203845426695,-0.5620793636169401,0.7782426783411429,0.0720403607251108,1.0,0.6748393192859197,0.8765960215797914,0.6558344972452511,0.6885561835865521,0.7943062861033041,0.7208872458999426,0.8047624432537975,0.7409623603837034,0.7190363126374658,0.11436766693044069,-0.30811224068302934,0.6711255529620573,-0.2513507237271161,-0.2545286529904348,0.4958850394536134,-0.7025457677980897,-0.1792078288894845,0.05342120120166977,-0.14572526015292675,0.5421546142895357,0.3214551122561287,0.42814685220121695,-0.4926146081908111,0.1413691282244315,
KC=F,-0.0038727680059225784,-0.5828802115085004,0.4679020833707448,0.536573544642693,0.5755511564743112,0.6099682610858578,-0.6250863014704701,-0.6319999865360127,0.568470476542361,0.430125987812733,0.5870260106950985,0.5415795851438375,0.6027002008865905,0.5684269085022882,0.5328265398781141,0.5765586678150821,0.6068604194831019,0.5118689452630606,-0.547151105594501,-0.39535868200401786,0.6594440312266194,0.16174215626762897,0.6748393192859197,1.0,0.6229015460915861,0.7304507215273692,0.5841046472723959,0.7616185597064141,0.5816882485175257,0.5153691974698529,0.632613128478231,0.3863201134508,0.12535573579774847,-0.2535306969716423,0.5597731550795632,-0.16799271828881016,-0.16999578301553606,0.4647796783577071,-0.5838525406396392,-0.10975897480460944,-0.25142277755360765,-0.16644300152172778,0.582674288306191,0.242593429275205,0.3737386981476591,-0.33916929646843674,0.1224602896307921,
ZS=F,-0.014334661625098225,-0.5705996865906237,0.19511666309075557,0.5988910712974576,0.7480111510247899,0.7621125774986488,-0.517096995195399,-0.5234053090641565,0.7623535945141335,0.09218594608512345,0.8083864175998821,0.5782982044602694,0.6248416507534508,0.7122335823472317,0.594843569250258,0.7274299069317652,0.7498300714084237,0.8712200795387351,0.6588784470316409,-0.5934678140771148,0.7730057427430493,0.025004401008275837,0.8765960215797914,0.6229015460915861,1.0,0.7339365056290307,0.7222222012202681,0.8941802380414203,0.6378700779331452,0.8406967117391086,0.851875215522873,0.6450843821630066,0.22207962095257977,-0.22631885110404687,0.7321317999985161,-0.17246206428927408,-0.17456679151559834,0.7116621511547184,-0.6858952632441038,-0.10962339987800884,0.18358012124043374,-0.06694334340726586,0.5677644293545118,0.38035143094836754,0.4866124440665131,-0.3902350060862647,0.20684406116267953,
SB=F,-0.05120182467927171,-0.531092447446106,0.1634769364367092,0.3636010766987378,0.5969948460927347,0.6245231571056459,-0.5125328044335875,-0.5169431934425165,0.6209333454854722,0.010459723306840751,0.6300249932661426,0.6544694680100474,0.49265922475404644,0.5212014660083002,0.5429429843163153,0.4839589312774374,0.7341843041498819,0.5322124633059525,-0.6892187431921682,-0.6962700779595814,0.7286121994282304,-0.03410217228591934,0.6558344972452511,0.7304507215273692,0.7339365056290307,1.0,0.5334881234023464,0.8782098769888188,0.37175558771057304,0.7005832082491227,0.7249927643883731,0.36555446059644775,0.006857220609681655,-0.3782199075142817,0.7627213737649634,-0.32511652394586543,-0.32538447495035694,0.5654272463287923,-0.6118108843739151,-0.25854987287161474,-0.236841724839702,-0.2650140779686727,0.5331404847321394,0.31385396547005207,0.4672778396499019,-0.2847993437548076,0.22877432250503438,
HG=F,-0.052799290328968664,-0.3284817663104412,0.08676129819336015,0.517433109553104,0.6504935327810075,0.6493226711782041,-0.25086424223655424,-0.25461728453807264,0.639409031268497,0.047357412895439314,0.6704479578300306,0.2548755590196378,0.3056049879003603,0.5277535583884939,0.7220070563345586,0.5517292605676644,0.48005006116540083,0.4690480087802026,-0.25104670966048226,-0.4111678527049577,0.4821271080803541,-0.23838267700221752,0.6885561835865521,0.5841046472723959,0.7222222012202681,0.5334881234023464,1.0,0.9461312265727919,0.7669628799272041,0.728495871946695,0.8871867767252222,0.4817942783808249,0.5701078080000582,0.26557873927410225,0.7236263909813154,0.3026711064770823,0.30239318033301177,0.7425588481898383,-0.3584899097472544,0.3679460913573003,0.2019035525338745,0.36383635995254265,0.3226825501625159,0.6157530361877335,0.3317322062974971,-0.30139727177657255,0.14356511434483302,
RTY=F,-0.06345274999014419,-0.33092015267750224,0.5801671842029869,0.6480404322869213,0.6432803360435174,0.7566314438334829,-0.3875837722756323,-0.3940773575495484,0.6872457442258201,0.7453064373416418,0.7716739146494741,-0.3957627727351829,0.7548163586066584,0.5175730663207417,0.8026744493116968,0.7625447508033929,0.4947746778263269,0.7558045178047056,-0.2829109898191827,0.341396256128053,0.7721435201972264,0.26285012559094245,0.7943062861033041,0.7616185597064141,0.8941802380414203,0.8782098769888188,0.9461312265727919,1.0,0.7315615774446055,0.8963262941544531,0.9182977217590197,0.11396300363171376,0.7316042471398135,0.9471385811998241,0.7587536120740092,0.9183905129501627,0.9174717931327374,0.7587536120740092,-0.3177920279468947,0.8507335950124892,0.47649542593406824,0.5448353569882154,0.3381025602471163,0.4774675377591571,0.24445739904251293,-0.10316255402808366,0.07879618377505984,
ZO=F,-0.07420590248329544,-0.34105114055260427,0.19517674565863496,0.6168256616999656,0.5639743106489863,0.5631740748559556,-0.2717224302811746,-0.27593661975105166,0.5448223406100204,0.1255143204616612,0.5581203785730301,0.15386867005882632,0.29239769537718446,0.46905792237251964,0.6397996813241977,0.5064689535294923,0.32861468904986846,0.5453565744732815,-0.6039961935078728,-0.22169909033472462,0.37855206987309425,-0.034402994801145316,0.7208872458999426,0.5816882485175257,0.6378700779331452,0.37175558771057304,0.7669628799272041,0.7315615774446055,1.0,0.5539643961774233,0.6576749024001883,0.5753039880045498,0.46933932292021524,0.2638283645538047,0.4454315608299457,0.3213623887182578,0.3203351775737187,0.5532226044624599,-0.25956678878263173,0.3707074796825012,0.324480712793953,0.31760992473295757,0.33097554969197546,0.47669910147788797,0.2904048845541053,-0.25747490667212225,0.13459530889703564,
ZC=F,-0.15716632971376499,-0.4386414459389578,-0.0095022863072026,0.32752025164965537,0.6568771181329298,0.6243516244174715,-0.34072906836507616,-0.345341379992174,0.6640510044836153,-0.14049914312860223,0.6862144453356621,0.5119213335207254,0.41380818336756015,0.4955301726822696,0.5455258177729738,0.48117009144800593,0.6864006606734605,0.6018046156815001,-0.15907270940981838,-0.6829642331732593,0.628114067147572,-0.22800892759997243,0.8047624432537975,0.5153691974698529,0.8406967117391086,0.7005832082491227,0.728495871946695,0.8963262941544531,0.5539643961774233,1.0,0.8663512039878902,0.579632904317316,0.2169250752270864,-0.1667385388067529,0.8183904867621078,-0.14017367394755856,-0.14175818071097773,0.6411268918182986,-0.46678676752550397,-0.05325252596433924,0.08088709738388027,-0.0015240521423189781,0.4329576157908975,0.5284829387773218,0.5103501312571128,-0.25366291448257755,0.31723761072439166,
ZL=F,-0.19854920097020928,-0.5300639889136446,0.0480816253213282,0.4413239955031225,0.5823151065949157,0.5965059921657485,-0.45362209396379827,-0.46085099022674003,0.5883730822409647,-0.04721622114868237,0.6475139063285962,0.33912170664547797,0.37246225028074986,0.49559863431659074,0.6757166477978812,0.5798418875501186,0.5617893493162863,0.5246224391677662,0.482244002492507,-0.5164920244968881,0.5736124007324155,-0.19080790608221,0.7409623603837034,0.632613128478231,0.851875215522873,0.7249927643883731,0.8871867767252222,0.9182977217590197,0.6576749024001883,0.8663512039878902,1.0,0.5149713426940145,0.4453993989954777,0.07359256544321792,0.8128971242032661,0.13321175330292412,0.13159724788968025,0.79618088737015,-0.4245492690007477,0.21782781416103109,0.1653240217723247,0.21305814786416624,0.519811931235885,0.6108806022087798,0.5457448717796327,-0.1798695438760873,0.33058789659526994,
ZR=F,-0.20511925630532524,-0.5657429373757944,-0.07701492629536952,0.3432249945099897,0.5674441566154975,0.5731450248770261,-0.451320578662212,-0.4566951508741175,0.5980775772103928,-0.038759174483384555,0.5685539174543107,0.43625031898580363,0.4760094659786799,0.656477310197389,0.3628816945034037,0.41468907804772365,0.5602603162765403,0.5844301499865284,0.3600862563320644,-0.5675848548341013,0.5706063162549584,0.009429650530083511,0.7190363126374658,0.3863201134508,0.6450843821630066,0.36555446059644775,0.4817942783808249,0.11396300363171376,0.5753039880045498,0.579632904317316,0.5149713426940145,1.0,0.06427630750340667,-0.22455767601529172,0.5517234353285901,-0.1846028551424309,-0.18752648755661688,0.3608875854636449,-0.48379793820506606,-0.09113766508946962,0.15890560727542558,0.05966534987059838,0.5498391918194084,0.47177209827729716,0.5607061194223151,-0.21127134872221756,0.37310090675462615,
LBS=F,-0.2303861504201135,-0.03751749285430865,-0.16175208290480234,0.1178753927636394,-0.02510631179440605,0.009898009721338601,-0.009242765373022044,-0.010899118771551036,-0.03628406932761213,-0.16113503423758782,0.023073142380109213,-0.43155795072738223,-0.2421340793534767,-0.04329077402333804,0.38976980799496075,0.13794906346393612,-0.20795188984409524,0.06812711693012029,-0.320402556090903,0.1578899595329404,-0.15669576692728795,-0.17586677455307223,0.11436766693044069,0.12535573579774847,0.22207962095257977,0.006857220609681655,0.5701078080000582,0.7316042471398135,0.46933932292021524,0.2169250752270864,0.4453993989954777,0.06427630750340667,1.0,0.7055913852146057,0.24227981326345102,0.7392592426134875,0.7394562952566369,0.6968673147095097,0.2237004053217233,0.757358987904676,0.514016313581705,0.6575878980270727,0.023588356507876312,0.5403359022138168,0.12420568424316225,0.1986632164770149,0.14840470034322845,
YM=F,-0.24456875671589082,0.3494054467277257,-0.36087862084392247,-0.0865603675074515,-0.3623940010686044,-0.34559099346295885,0.42546710114620573,0.4246470726395687,-0.3866492453335771,-0.29923889297170403,-0.32657942486110547,-0.8062119343738515,-0.6648587805624295,-0.4571307161174084,0.14791125655713397,-0.14762185837358477,-0.6750038912273572,-0.3436961912136193,-0.33132511132290327,0.4616508636887169,-0.6338980657425153,-0.25222711127549324,-0.30811224068302934,-0.2535306969716423,-0.22631885110404687,-0.3782199075142817,0.26557873927410225,0.9471385811998241,0.2638283645538047,-0.1667385388067529,0.07359256544321792,-0.22455767601529172,0.7055913852146057,1.0,-0.1921144117595907,0.9882052345321555,0.9877379908199808,0.43148938994937935,0.6875392109939048,0.9630661483054562,0.5276831087844904,0.8714724378532377,-0.36888680295493964,0.39187711097231365,-0.17237314593746164,0.4161643669987784,0.034966826061354636,
SI=F,-0.3027215894996194,-0.5724109677951849,-0.08723667410639617,0.24961438261479033,0.6127195182377576,0.6142566306321141,-0.45449026437139683,-0.45700292271344084,0.6456705663812606,-0.13677360762655755,0.6368385315148485,0.5380091974849652,0.3993239267156657,0.5649721324920145,0.5054799336818722,0.3893551872104704,0.7169754082657208,0.4524252047899312,0.06059134650073142,-0.8016317537931913,0.7096937748726997,-0.23151772879124533,0.6711255529620573,0.5597731550795632,0.7321317999985161,0.7627213737649634,0.7236263909813154,0.7587536120740092,0.4454315608299457,0.8183904867621078,0.8128971242032661,0.5517234353285901,0.24227981326345102,-0.1921144117595907,1.0,-0.15337854185546843,-0.1524971089272819,1.0,-0.5096322301911639,-0.04149402600066685,0.04322586081543153,0.05227488477191787,0.5660276781882073,0.7091909153864631,0.6561443882657768,-0.12931892549432433,0.47634337952104505,
ES=F,-0.30583191521891595,0.2300957289457734,-0.30515667619230574,-0.05229085515273971,-0.36536304823804105,-0.33759315982923876,0.2933049761599891,0.29195908608105,-0.3871098725575191,-0.23742782830692769,-0.3172004885972055,-0.806422359652695,-0.6042198254601511,-0.43451268202823057,0.16912014402194364,-0.10543743223437371,-0.6556623616843554,-0.3039343261048076,-0.3965031919639869,0.4738757169708132,-0.5910298540098183,-0.18490267334837032,-0.2513507237271161,-0.16799271828881016,-0.17246206428927408,-0.32511652394586543,0.3026711064770823,0.9183905129501627,0.3213623887182578,-0.14017367394755856,0.13321175330292412,-0.1846028551424309,0.7392592426134875,0.9882052345321555,-0.15337854185546843,1.0,0.9999699192342241,0.5167918293267726,0.656726292285095,0.9862678391655435,0.5543963137234401,0.8715358299972172,-0.249808107081149,0.4233104397744676,-0.07842806822632092,0.4522329021961093,0.10568411995060745,
^GSPC,-0.30771237037762056,0.22739932788203668,-0.3058111400101135,-0.06362595737727088,-0.3704896484284212,-0.3404358309442243,0.28827241629306877,0.28917684764999313,-0.39012557865787695,-0.2378120013996544,-0.32159649543385194,-0.8062308185426849,-0.6023483240240993,-0.4328849202411848,0.1663925034611194,-0.10825372309932546,-0.6551653209907297,-0.3070372119591561,-0.08494185518221864,0.47210538604530017,-0.5899143996233902,-0.1834429303370665,-0.2545286529904348,-0.16999578301553606,-0.17456679151559834,-0.32538447495035694,0.30239318033301177,0.9174717931327374,0.3203351775737187,-0.14175818071097773,0.13159724788968025,-0.18752648755661688,0.7394562952566369,0.9877379908199808,-0.1524971089272819,0.9999699192342241,1.0,0.5189550054059119,0.6563440149833782,0.9864831240410169,0.5545260427380757,0.8717237002476674,-0.24416603069945392,0.42311458523952694,-0.0729740721126501,0.4555729236365255,0.11080443504041916,
SIL=F,-0.3205669237819877,-0.5326045965579356,-0.023292300011248743,0.3949163068224963,0.33961417551705403,0.4193002059227377,-0.4268894001070535,-0.429503402583952,0.3730818198749261,0.0045704418347388516,0.42740369090589253,-0.0407368411119327,0.17246009665518008,0.41258881619853566,0.5031597362681042,0.45558639690601455,0.3164371643395834,0.424907943262249,0.06059134650073142,-0.4120121680930997,0.4403800067095558,0.008893068673837943,0.4958850394536134,0.4647796783577071,0.7116621511547184,0.5654272463287923,0.7425588481898383,0.7587536120740092,0.5532226044624599,0.6411268918182986,0.79618088737015,0.3608875854636449,0.6968673147095097,0.43148938994937935,1.0,0.5167918293267726,0.5189550054059119,1.0,-0.2390496574891095,0.5453988372123468,0.6996042353282204,0.5193682111283227,0.5225667623014807,0.7006475854679631,0.5620292013200524,0.08489013306948019,0.3971367733758863,
UUP,-0.4052199328903122,0.4326183953108609,-0.48870921335996226,-0.6240342357922767,-0.8008819628457522,-0.8203154931071065,0.4838011610707835,0.48650478488107285,-0.8154615943714413,-0.42937508907801863,-0.8009420790932088,-0.8757638186302676,-0.8850432754231936,-0.9092074559252384,-0.3881772305356658,-0.6452458289212104,-0.9042403531841616,-0.7240420455502115,-0.3947348580328608,0.5602514396634988,-0.896617329497743,-0.2580853263060091,-0.7025457677980897,-0.5838525406396392,-0.6858952632441038,-0.6118108843739151,-0.3584899097472544,-0.3177920279468947,-0.25956678878263173,-0.46678676752550397,-0.4245492690007477,-0.48379793820506606,0.2237004053217233,0.6875392109939048,-0.5096322301911639,0.656726292285095,0.6563440149833782,-0.2390496574891095,1.0,0.6337893840104096,0.3163650776725782,0.5850233990989647,-0.4523903692563678,0.12046785829901917,-0.18448411959632854,0.713353224978777,0.16361172475950847,
NQ=F,-0.4105771106369182,0.12370865490811642,-0.3460743804895771,-0.06927308513000072,-0.341690541427876,-0.31284858472998156,0.20307481096747937,0.20181720956293167,-0.3551804497459717,-0.2726714486998689,-0.29093994140632523,-0.7762566185679114,-0.5738578783624977,-0.39521581399001576,0.1956775474785044,-0.10243448382373932,-0.5997037350866989,-0.2818841124880018,-0.4806949176359177,0.3791712117557843,-0.540495151368064,-0.21614631302832477,-0.1792078288894845,-0.10975897480460944,-0.10962339987800884,-0.25854987287161474,0.3679460913573003,0.8507335950124892,0.3707074796825012,-0.05325252596433924,0.21782781416103109,-0.09113766508946962,0.757358987904676,0.9630661483054562,-0.04149402600066685,0.9862678391655435,0.9864831240410169,0.5453988372123468,0.6337893840104096,1.0,0.5776734943653336,0.8994621531176962,-0.14578075324571899,0.5409792493792629,0.053520451297975315,0.4982604869672426,0.22869210723936992,
MGC=F,-0.47770815872022415,-0.11516518086922377,-0.2833966427476652,-0.017705693986907724,-0.194771468983183,-0.19445235918578047,-0.010817714457767053,-0.011211785086522267,-0.18694958403192138,-0.2223561071271276,-0.12628203699386736,-0.4724264886015755,-0.27735703235575504,-0.1666769582294022,-0.10299944079975015,-0.020454123560468978,-0.2830495562431597,0.189966640935176,0.14030773273600206,0.1564496595095665,-0.2189351417069334,-0.06703658239595259,0.05342120120166977,-0.25142277755360765,0.18358012124043374,-0.236841724839702,0.2019035525338745,0.47649542593406824,0.324480712793953,0.08088709738388027,0.1653240217723247,0.15890560727542558,0.514016313581705,0.5276831087844904,0.04322586081543153,0.5543963137234401,0.5545260427380757,0.6996042353282204,0.3163650776725782,0.5776734943653336,1.0,0.5864117349377993,0.09625805904307776,0.4499857981433149,0.2794341400802939,0.4349004188557028,0.4086685785938035,
PA=F,-0.49690523953892196,0.03597836833132021,-0.41205272034275586,-0.12486150437072147,-0.25727613971744306,-0.24358167466550518,0.19885674378122664,0.19902809169551247,-0.2629111281007719,-0.32389193419911794,-0.23787904722929107,-0.657556470579819,-0.5151875844657974,-0.27158799974013864,0.076606626302332,-0.07195542288663224,-0.5019743462216038,-0.24809661291707089,0.5250260281370377,0.21687931362634322,-0.4204171432263686,-0.23969435404842288,-0.14572526015292675,-0.16644300152172778,-0.06694334340726586,-0.2650140779686727,0.36383635995254265,0.5448353569882154,0.31760992473295757,-0.0015240521423189781,0.21305814786416624,0.05966534987059838,0.6575878980270727,0.8714724378532377,0.05227488477191787,0.8715358299972172,0.8717237002476674,0.5193682111283227,0.5850233990989647,0.8994621531176962,0.5864117349377993,1.0,-0.06184824108923181,0.6556441020228297,0.17848105463094543,0.4796200223089378,0.3535551508236156,
ZT=F,-0.5036257028793699,-0.9984121498426378,0.24814497300201782,0.19106249609743345,0.25417830279026205,0.3028069572426022,-0.9513443726431338,-0.9510381697593958,0.28732111864219506,0.287057782538427,0.30764133824319334,0.3865150653217623,0.5826638523225075,0.45378110196435356,0.0645387227504706,0.384764922819998,0.4931241629177191,0.42032941910288263,-0.32919875372199514,-0.3545834758657957,0.63383355287876,0.3016369317610992,0.5421546142895357,0.582674288306191,0.5677644293545118,0.5331404847321394,0.3226825501625159,0.3381025602471163,0.33097554969197546,0.4329576157908975,0.519811931235885,0.5498391918194084,0.023588356507876312,-0.36888680295493964,0.5660276781882073,-0.249808107081149,-0.24416603069945392,0.5225667623014807,-0.4523903692563678,-0.14578075324571899,0.09625805904307776,-0.06184824108923181,1.0,0.384536657002266,0.890604729447685,0.11435235390068174,0.6816461737333837,
