,DGS3MO,^IRX,DGS2,UUP,YM=F,ES=F,^GSPC,^RUT,JPY=X,PA=F,NQ=F,ZB=F,DGS10,MGC=F,LBS=F,GC=F,HO=F,ZN=F,BZ=F,CC=F,RB=F,ZO=F,CL=F,HE=F,BRLUSD=X,GF=F,ZC=F,CT=F,LE=F,NG=F,ZR=F,HG=F,SI=F,ZL=F,SB=F,AUDUSD=X,ZM=F,EURUSD=X,KC=F,PL=F,ZS=F,KE=F,GBPUSD=X,ZF=F,ZT=F,trending
DGS3MO,1.0,0.9998648549772646,0.9441421586249404,0.5375134636037338,0.3590502091635874,0.25765062734282956,0.25517025748160144,0.218050118018525,0.19901491380009909,0.17881641798222306,0.1536436708421325,0.152744636905176,0.05639358430262279,0.015968199478056413,-0.1445286994491272,-0.1455277644838934,-0.2139638533132789,-0.24603302925937354,-0.2535029581739471,-0.26310783703933616,-0.26534913644368857,-0.27403397961352893,-0.2740523000930307,-0.2928480591154696,-0.30289536862790634,-0.31042522944160517,-0.3341160535485166,-0.35358271820776876,-0.3757454573435372,-0.3829879780358162,-0.3883661622262902,-0.3883923938904014,-0.4447482610240384,-0.47447606997046127,-0.47449075790185763,-0.48019690489203426,-0.4927765116864581,-0.5004815346920289,-0.5032669511141096,-0.5292285216782733,-0.5468449022347576,-0.5900771918283532,-0.6120966123033729,-0.6258943120268529,-0.9530127684495063,
^IRX,0.9998648549772646,1.0,0.9447713380924999,0.5365833362467183,0.3614347659332901,0.26143967260409945,0.25617378797865437,0.21900413409040062,0.2094290959679571,0.17904853660067782,0.1573583688477164,0.14354346291811598,0.059993192064675877,0.01764688450929258,-0.14348250115095837,-0.14161892855676705,-0.19788909317331324,-0.25789578233017657,-0.24255301699635176,-0.2631105538365019,-0.2485126698267422,-0.2627784795590741,-0.2627330077476887,-0.28377744265539734,-0.3029389226022748,-0.3048451887951486,-0.32414878567283845,-0.3365816919420474,-0.3693482565927346,-0.3334038818093985,-0.38093366384709204,-0.3810873065471122,-0.4417759212294918,-0.4575763964083132,-0.4648999575363587,-0.4774640107057531,-0.4811899427266659,-0.5027445628026763,-0.4844002729485513,-0.5269322933139633,-0.5338017302377647,-0.5715153974953232,-0.6109444096411337,-0.6333831091839378,-0.9530410223641554,
DGS2,0.9441421586249404,0.9447713380924999,1.0,0.4698906379292445,0.21881354898693542,0.12368691984166896,0.12126045098301377,0.11255132315536352,0.3397969452639845,-0.017601630093048194,-0.003762336085116784,0.018564248024127275,0.25740774163675834,-0.12904628484298766,-0.29036623527126343,-0.408339805751051,-0.18278932764060787,-0.4635712299676729,-0.23613797883125506,-0.06319511673431524,-0.22481441554183618,-0.35516128841373623,-0.24754883250174406,-0.25794053238826636,-0.22731562032411815,-0.07132262011644822,-0.43581863678681343,-0.4048631255956259,-0.14632276011322076,-0.3366111058770484,-0.4907368706491939,-0.5067732682746461,-0.6021253823874563,-0.5584954815587265,-0.5006396937926697,-0.46366811744437647,-0.5333542975619664,-0.5232970602249881,-0.44432341071081755,-0.5050730080039466,-0.615011979233939,-0.6180428071574743,-0.4640547835271803,-0.813842707485964,-0.9973361958634924,
UUP,0.5375134636037338,0.5365833362467183,0.4698906379292445,1.0,0.7509431688701429,0.7207699198103545,0.7200298890936421,0.6065464728514813,0.5947569390377265,0.678053857500953,0.6812321744461942,0.7837122389345365,-0.5845044373359234,0.3609294966524497,0.2523334655813885,0.22895632529436202,-0.8351354033643579,0.3597182217037272,-0.8646495033825433,-0.08646120121971151,-0.8483414683386812,-0.3299545329584932,-0.8599945096002186,-0.6295361684462086,-0.8738512992579499,-0.34276587081576937,-0.5302035675885717,-0.5338685960881551,-0.5113497745406078,-0.6211355916026692,-0.5645099393432268,-0.3723984153315218,-0.4746905232055018,-0.46532895823800324,-0.7169144281494346,-0.926889217356073,-0.6911177006156534,-0.9331412471054426,-0.5774096434123713,-0.9206468028465423,-0.6927132307563556,-0.769880871917044,-0.9091260336116572,-0.08966011578923182,-0.4947542409257265,
YM=F,0.3590502091635874,0.3614347659332901,0.21881354898693542,0.7509431688701429,1.0,0.9930641369008986,0.9927384260647533,0.9598645571920217,0.4713080711858934,0.9231841789023282,0.968460690759437,0.6421125267050197,-0.5409285710625833,0.5940861734282309,0.7237036765312733,0.5021116993419753,-0.609616568761749,0.3768639935982613,-0.6221391223251892,-0.1269624025993411,-0.5758391419333722,0.12158932508808466,-0.5737042270094262,-0.23766037658769495,-0.8903637812077488,-0.39486875343381056,-0.24629665560761713,-0.06531029245159398,-0.47729713040519806,-0.25013588221536026,-0.36833613862635606,0.19788212249711476,-0.13179401270289165,0.008989133041379565,-0.4104049989449826,-0.7402361393634791,-0.29619559436745646,-0.5686960795778908,-0.365620535271771,-0.676369101685844,-0.22719673502795062,-0.4615885783782447,-0.7675432826407314,0.09422937025744647,-0.25064537882686516,
ES=F,0.25765062734282956,0.26143967260409945,0.12368691984166896,0.7207699198103545,0.9930641369008986,1.0,0.9999742879944437,0.9683708545715557,0.48019722635618695,0.9255714837241665,0.9865078987002077,0.6533525763319873,-0.5656589590765642,0.6140311607985537,0.7524263878882869,0.5248842976584764,-0.6158402299244972,0.4125552061082698,-0.6243736575500626,-0.08158121016691049,-0.5744100083142228,0.15766074586476378,-0.5717436971106099,-0.2188601066317966,-0.8953305530433763,-0.35722155397064587,-0.2349693399755885,-0.036360105890349236,-0.44128064853624444,-0.2087030677170843,-0.35185147235158987,0.2364478767376993,-0.10089138246718271,0.04700899012896862,-0.37826973612147485,-0.7223594328727025,-0.2613372237494804,-0.5417890879456106,-0.318088552237948,-0.653196982040283,-0.1895453146548929,-0.4166757080904928,-0.7239485440386101,0.15850898830801483,-0.1574665476769995,
^GSPC,0.25517025748160144,0.25617378797865437,0.12126045098301377,0.7200298890936421,0.9927384260647533,0.9999742879944437,1.0,0.9683808406751543,0.47840719818482824,0.9258586023761569,0.986740333224987,0.6558536581574943,-0.5664320215174844,0.6142770648708235,0.7530669365688233,0.525063485552263,-0.620964310072496,0.41837622310363315,-0.6270720532355698,-0.07991583414195524,-0.5790793410789996,0.15664290844280362,-0.5743328828171241,-0.21849188921501472,-0.8953267864119464,-0.35658910675140504,-0.2363930498780712,-0.03891566536180953,-0.44058572059594214,-0.22062583381094447,-0.35100502503458225,0.236786284915827,-0.09958786092249451,0.04531637106509795,-0.37875291382841886,-0.7216365655268099,-0.26207125039394,-0.5398527916919896,-0.3214409212596443,-0.6521041326444439,-0.19035573888561919,-0.4197768506682254,-0.7222602483751103,0.1655618775569156,-0.15057353272863166,
^RUT,0.218050118018525,0.21900413409040062,0.11255132315536352,0.6065464728514813,0.9598645571920217,0.9683708545715557,0.9683808406751543,1.0,0.4952118890592677,0.8593281150033681,0.9432810229410225,0.4998877716007294,-0.40335105156780815,0.5603035802947515,0.7931446146118083,0.4279241947089909,-0.503590850795868,0.2757959878073516,-0.5161405490064166,-0.023414275093008478,-0.44671277990547514,0.22172417653541793,-0.4534231899044698,-0.08548222518786208,-0.8239453237259619,-0.26500411645698757,-0.15957969185038065,0.07873800809751029,-0.3125835377767451,-0.12512493343045392,-0.3456462034278846,0.3382593421032509,-0.0815345712028481,0.14345712138216238,-0.30268110488612565,-0.6331301132223095,-0.14358107744587972,-0.4484850419401817,-0.2716427526423212,-0.5361166887516489,-0.06964912909368613,-0.3364175696912925,-0.5971505323640502,0.09773599253763969,-0.1329550184020513,
JPY=X,0.19901491380009909,0.2094290959679571,0.3397969452639845,0.5947569390377265,0.4713080711858934,0.48019722635618695,0.47840719818482824,0.4952118890592677,1.0,0.28171990112569995,0.3891415241142932,0.30335268192774845,-0.007226456447685262,0.2463967763212209,0.15232342209760327,-0.3747963938624853,-0.6022647326080655,-0.1912674141816086,-0.6530366987597641,0.4902775976909814,-0.5414728507309529,-0.24282383304044,-0.5835670202643972,-0.2212462074414646,-0.664463032201218,0.3334152606596515,-0.6718839759973168,-0.42113555107178907,0.16108922397008615,-0.15915458955513145,-0.6349718255454709,-0.40166206417202444,-0.7664725432502867,-0.47813553004451625,-0.7463349453569349,-0.7520786436837412,-0.4038130890683323,-0.6652022182935377,-0.4040546408536999,-0.6739027463637796,-0.5299813371269185,-0.6126560206394933,-0.36622789012257256,-0.41676170161827364,-0.34416841686462063,
PA=F,0.17881641798222306,0.17904853660067782,-0.017601630093048194,0.678053857500953,0.9231841789023282,0.9255714837241665,0.9258586023761569,0.8593281150033681,0.28171990112569995,1.0,0.9434650212798644,0.7010118831499366,-0.6988472660215347,0.6353170041753765,0.7814078346739534,0.6953243452349027,-0.6002159844270867,0.5948236660446695,-0.5896062164464781,-0.21874562506240802,-0.5824725319655163,0.1078376177660116,-0.555706489672257,-0.2366730213801811,-0.8217354888198016,-0.49509607732245253,-0.13467482704063055,-0.06060671646123843,-0.5561284401709349,-0.319993132654231,-0.18348275422552426,0.26055599826694975,0.05827804127645172,0.08252131743278467,-0.3241599107456544,-0.6314211107554827,-0.18710535405759793,-0.4410957286760397,-0.32730741729711393,-0.5609461848924683,-0.1138640346282645,-0.3470174176393059,-0.7185027560600021,0.3582660101579094,-0.020533047081340187,
NQ=F,0.1536436708421325,0.1573583688477164,-0.003762336085116784,0.6812321744461942,0.968460690759437,0.9865078987002077,0.986740333224987,0.9432810229410225,0.3891415241142932,0.9434650212798644,1.0,0.6932178946699745,-0.6507756312248354,0.6298027083921489,0.7808386677286374,0.6305296061111471,-0.614006256126472,0.5270256079658661,-0.6108565819921344,-0.12841316788989451,-0.5741230457908854,0.1843575485452141,-0.5642139658129909,-0.2336383423210652,-0.8739908447337322,-0.40532272516148415,-0.17029802021025497,0.006439686685992881,-0.4834295875377473,-0.20592443832504584,-0.2839828998076346,0.2972840533774629,0.012775993699219767,0.10801578454048445,-0.30593048670903494,-0.6657752141366766,-0.2169651784698727,-0.4867981630656145,-0.27637539803306993,-0.6066846528660977,-0.13027181575091468,-0.34747182401245363,-0.702840534290574,0.30162691437117267,-0.03276551517642255,
ZB=F,0.152744636905176,0.14354346291811598,0.018564248024127275,0.7837122389345365,0.6421125267050197,0.6533525763319873,0.6558536581574943,0.4998877716007294,0.30335268192774845,0.7010118831499366,0.6932178946699745,1.0,-0.9156226734781832,0.5289254191965239,0.3652673775065327,0.5674416616663209,-0.8823272587717906,0.7908566430663401,-0.865583318821469,-0.15367037476475445,-0.8758743407152342,-0.3283796452613599,-0.8786602687056049,-0.6781576917965437,-0.7989866034025314,-0.4746101737655555,-0.3406055885902579,-0.4907548737651935,-0.6359823605611638,-0.6062523325923107,-0.3903374764380813,-0.2263607385000131,-0.09078687719540214,-0.2907621626567033,-0.5003628711022974,-0.7076217247030794,-0.5035733403658674,-0.7010930465678895,-0.44865350982478536,-0.7438205738135346,-0.47395734146639207,-0.5480136906997938,-0.7907042890218047,0.42414434630249337,-0.03886486816734274,
DGS10,0.05639358430262279,0.059993192064675877,0.25740774163675834,-0.5845044373359234,-0.5409285710625833,-0.5656589590765642,-0.5664320215174844,-0.40335105156780815,-0.007226456447685262,-0.6988472660215347,-0.6507756312248354,-0.9156226734781832,1.0,-0.5484707827437131,-0.42492626577203374,-0.7878753937770041,0.6786005385541094,-0.9595276109320394,0.6451077172127874,0.30084447668274816,0.6890692522634607,0.12324127679599055,0.676216655150085,0.5685156284430877,0.6064488504969349,0.5547411089480551,0.05869653060461795,0.2879177396446317,0.641361579158236,0.47370680518125763,0.12136135995689434,-0.01779585589721861,-0.23048794229676997,0.033902513359173186,0.22366613630712745,0.43726903721212346,0.2845060982987014,0.4482017892372356,0.2570214543071451,0.4811303599289145,0.20291887480088078,0.2526835481569662,0.6456196968589392,-0.7026704724856323,-0.22492564816951655,
MGC=F,0.015968199478056413,0.01764688450929258,-0.12904628484298766,0.3609294966524497,0.5940861734282309,0.6140311607985537,0.6142770648708235,0.5603035802947515,0.2463967763212209,0.6353170041753765,0.6298027083921489,0.5289254191965239,-0.5484707827437131,1.0,0.5476604168243089,0.5087908933908244,-0.38936826037595823,0.5111566950488184,-0.38415065664201825,-0.0799362493414161,-0.37605113790559613,0.22070040550014192,-0.390196017243531,-0.17839940834661064,-0.5887930652366975,-0.3446434352646356,-0.005192163624406059,-0.1762005539149195,-0.3586501331602525,-0.03283411115318482,-0.007798886085833291,0.1747788161301702,0.08319651948427159,0.04380375272908788,-0.3714072421180952,-0.37128053784348447,0.18086914054953945,-0.21361216169798974,-0.45093046901460004,-0.30051348793053695,0.10322463067052946,-0.019544732862118323,-0.417036568571952,0.37351101771376793,0.09900333863360884,
LBS=F,-0.1445286994491272,-0.14348250115095837,-0.29036623527126343,0.2523334655813885,0.7237036765312733,0.7524263878882869,0.7530669365688233,0.7931446146118083,0.15232342209760327,0.7814078346739534,0.7808386677286374,0.3652673775065327,-0.42492626577203374,0.5476604168243089,1.0,0.6122508054680718,-0.2801303303505445,0.42269070696962846,-0.26319686407054005,-0.14471278459819975,-0.20715436036072815,0.2834772894145517,-0.21868158885543634,0.14462830720634506,-0.5464028944344503,-0.3093132086527271,0.22326418821020175,0.248436954669825,-0.27363484966857277,-0.050958354458929656,-0.05514886427137637,0.6151062757486325,0.33464450981521077,0.49076103659086967,0.014410519037497736,-0.2452439160611068,0.16935437041001355,-0.08006807732194098,-0.06743662463065786,-0.14106177964788305,0.3150602071144315,0.011091163957753435,-0.30766467658163177,0.4409224113108759,0.2695172648715415,
GC=F,-0.1455277644838934,-0.14161892855676705,-0.408339805751051,0.22895632529436202,0.5021116993419753,0.5248842976584764,0.525063485552263,0.4279241947089909,-0.3747963938624853,0.6953243452349027,0.6305296061111471,0.5674416616663209,-0.7878753937770041,0.5087908933908244,0.6122508054680718,1.0,-0.21719937562183964,0.8358264047134031,-0.17169137017165875,-0.5101372750770269,-0.22755456934122043,0.2649134930851709,-0.2014623082983766,-0.1972496192017438,-0.3360912738940307,-0.6379938142305345,0.3596017001858573,0.20445088710478773,-0.6072886438966899,-0.14683610345641984,0.21543825412300086,0.5263947368306944,0.6801110434946708,0.4387084505062128,0.21546136273453692,-0.05537447736810455,0.07292645313022485,-0.009036256221273738,0.00930339990826751,-0.06129306939083674,0.25360908367536417,0.15336407290689832,-0.3981974150675444,0.7778160104089471,0.36343092858046605,
HO=F,-0.2139638533132789,-0.19788909317331324,-0.18278932764060787,-0.8351354033643579,-0.609616568761749,-0.6158402299244972,-0.620964310072496,-0.503590850795868,-0.6022647326080655,-0.6002159844270867,-0.614006256126472,-0.8823272587717906,0.6786005385541094,-0.38936826037595823,-0.2801303303505445,-0.21719937562183964,1.0,-0.5110903732681432,0.9911513729589612,-0.0883700090673699,0.9672702121176324,0.5285851834241462,0.9737872052267121,0.6482571465328885,0.8621169328695287,0.2417495250406922,0.6122535527959996,0.6360542788121913,0.4477197702316918,0.6842506136857985,0.5940410373938361,0.4563653603623176,0.43172807920920875,0.5296448239016798,0.7128881895676249,0.8607175067597626,0.5962517005024104,0.8137462839614782,0.5584865755794635,0.8734926422672125,0.6577637110504121,0.7606685243365147,0.7540708597840164,-0.1331896659296014,0.1772257821666269,
ZN=F,-0.24603302925937354,-0.25789578233017657,-0.4635712299676729,0.3597182217037272,0.3768639935982613,0.4125552061082698,0.41837622310363315,0.2757959878073516,-0.1912674141816086,0.5948236660446695,0.5270256079658661,0.7908566430663401,-0.9595276109320394,0.5111566950488184,0.42269070696962846,0.8358264047134031,-0.5110903732681432,1.0,-0.4615681875768609,-0.3405987065793353,-0.520008559084258,-0.039005156931992836,-0.4987862610424063,-0.46732825358790947,-0.41783507220619664,-0.5670666991224097,0.12832855312420952,-0.14015970962340457,-0.6009399538076108,-0.37341674703078875,0.06879320702323292,0.15365902710085105,0.4312235317824168,0.12474205625781606,-0.03452224804179535,-0.20502589384235118,-0.08508198249537449,-0.2134802161607141,-0.17266417854612295,-0.2455833730507544,0.010571848104343473,-0.04172419605142084,-0.45263588592232745,0.8635275411080124,0.4425374495250134,
BZ=F,-0.2535029581739471,-0.24255301699635176,-0.23613797883125506,-0.8646495033825433,-0.6221391223251892,-0.6243736575500626,-0.6270720532355698,-0.5161405490064166,-0.6530366987597641,-0.5896062164464781,-0.6108565819921344,-0.865583318821469,0.6451077172127874,-0.38415065664201825,-0.26319686407054005,-0.17169137017165875,0.9911513729589612,-0.4615681875768609,1.0,-0.08875558752686306,0.9717995980045524,0.5197176737932374,0.9829313326190021,0.666583731219343,0.874308212783676,0.22019435640572194,0.6288592681818144,0.6499011209768829,0.4257857546010143,0.6622036541618905,0.6224822477729453,0.4732126874541565,0.4841791353542073,0.5443787961467412,0.7424025294119215,0.8922522670687353,0.622494063421799,0.8567012975092299,0.566080062002469,0.8996168272958792,0.6850350176998178,0.7818550310576302,0.7741077106079672,-0.06885977507145331,0.23664992460169448,
CC=F,-0.26310783703933616,-0.2631105538365019,-0.06319511673431524,-0.08646120121971151,-0.1269624025993411,-0.08158121016691049,-0.07991583414195524,-0.023414275093008478,0.4902775976909814,-0.21874562506240802,-0.12841316788989451,-0.15367037476475445,0.30084447668274816,-0.0799362493414161,-0.14471278459819975,-0.5101372750770269,-0.0883700090673699,-0.3405987065793353,-0.08875558752686306,1.0,-0.032851276907029665,-0.09784561734304817,-0.034628367486740835,0.18641362321983102,-0.05037424676128993,0.7441911294810115,-0.40062866900072214,-0.21893121978700988,0.6855961127139956,0.14918181701417346,-0.3258867296506935,-0.2770109224618557,-0.40752486063667825,-0.29683674539666277,-0.1864289775015487,-0.12491067104773557,0.021753023856526988,-0.05889220015415711,0.13670315524464832,-0.02953215498562212,-0.15827716003079612,-0.08510909536174367,0.39357115134715714,-0.2930639900919282,0.0880599246998042,
RB=F,-0.26534913644368857,-0.2485126698267422,-0.22481441554183618,-0.8483414683386812,-0.5758391419333722,-0.5744100083142228,-0.5790793410789996,-0.44671277990547514,-0.5414728507309529,-0.5824725319655163,-0.5741230457908854,-0.8758743407152342,0.6890692522634607,-0.37605113790559613,-0.20715436036072815,-0.22755456934122043,0.9672702121176324,-0.520008559084258,0.9717995980045524,-0.032851276907029665,1.0,0.5266621406112324,0.9677903775285267,0.739713308864661,0.831542076540107,0.2750112619449012,0.629595327918145,0.6786297764071724,0.4738907110814498,0.6826920139562994,0.5490128242957232,0.4955178269689484,0.4302298069150708,0.5852382442709141,0.711856707002245,0.8596252487590652,0.6325272691384806,0.8122711959812068,0.5661204063976372,0.8784574245601822,0.7104626110549798,0.7618895363453246,0.7768508996439174,-0.11665003411984101,0.22327754661946886,
ZO=F,-0.27403397961352893,-0.2627784795590741,-0.35516128841373623,-0.3299545329584932,0.12158932508808466,0.15766074586476378,0.15664290844280362,0.22172417653541793,-0.24282383304044,0.1078376177660116,0.1843575485452141,-0.3283796452613599,0.12324127679599055,0.22070040550014192,0.2834772894145517,0.2649134930851709,0.5285851834241462,-0.039005156931992836,0.5197176737932374,-0.09784561734304817,0.5266621406112324,1.0,0.5373797024768187,0.4899202087974758,0.1681491870964664,-0.03973854290938374,0.502201477192018,0.729844421079644,0.14084239493475517,0.7546452894576287,0.5484350201295463,0.7139717749257715,0.38414808079540147,0.6602018049949826,0.4785546642302801,0.3438290046422131,0.5240565767592105,0.4822160781747361,0.4555727282704306,0.4114364131393504,0.6320462823227544,0.6417117812594318,0.27770586918606843,0.21060408596291436,0.3220093788836218,
CL=F,-0.2740523000930307,-0.2627330077476887,-0.24754883250174406,-0.8599945096002186,-0.5737042270094262,-0.5717436971106099,-0.5743328828171241,-0.4534231899044698,-0.5835670202643972,-0.555706489672257,-0.5642139658129909,-0.8786602687056049,0.676216655150085,-0.390196017243531,-0.21868158885543634,-0.2014623082983766,0.9737872052267121,-0.4987862610424063,0.9829313326190021,-0.034628367486740835,0.9677903775285267,0.5373797024768187,1.0,0.719914923475027,0.8321328102177912,0.26040781218710346,0.5674463004813611,0.6860025099826015,0.44985707818108694,0.6936946607583914,0.5996135045160881,0.4802496903004902,0.4315179794638863,0.5435089591168004,0.7270910997530527,0.8499428768678344,0.619967675893495,0.8653282088796194,0.5796440516557865,0.8711991261865741,0.6795777199106043,0.7431303754286367,0.7718041767190497,-0.09676221503362323,0.24832209134749253,
HE=F,-0.2928480591154696,-0.28377744265539734,-0.25794053238826636,-0.6295361684462086,-0.23766037658769495,-0.2188601066317966,-0.21849188921501472,-0.08548222518786208,-0.2212462074414646,-0.2366730213801811,-0.2336383423210652,-0.6781576917965437,0.5685156284430877,-0.17839940834661064,0.14462830720634506,-0.1972496192017438,0.6482571465328885,-0.46732825358790947,0.666583731219343,0.18641362321983102,0.739713308864661,0.4899202087974758,0.719914923475027,1.0,0.4601483899352169,0.3382903733326892,0.43149150528568947,0.5595255363146716,0.4682759281828918,0.6064956576354886,0.3724355703187465,0.5019383515086795,0.217113076675185,0.53275400828997,0.4891342461076093,0.5381193460740503,0.6032966692671391,0.6633860047134572,0.5192235764431533,0.6100684152577778,0.6462248716627366,0.5630370555012458,0.6257042611695156,-0.11169871930861719,0.25859255141376525,
BRLUSD=X,-0.30289536862790634,-0.3029389226022748,-0.22731562032411815,-0.8738512992579499,-0.8903637812077488,-0.8953305530433763,-0.8953267864119464,-0.8239453237259619,-0.664463032201218,-0.8217354888198016,-0.8739908447337322,-0.7989866034025314,0.6064488504969349,-0.5887930652366975,-0.5464028944344503,-0.3360912738940307,0.8621169328695287,-0.41783507220619664,0.874308212783676,-0.05037424676128993,0.831542076540107,0.1681491870964664,0.8321328102177912,0.4601483899352169,1.0,0.3043921575911199,0.4993849186124051,0.378908116682453,0.46304260994631546,0.44388913401645647,0.5151158629751466,0.1499139848905718,0.36651762957316103,0.29991149924257043,0.6615769963556493,0.919964214445962,0.45074285122734264,0.7700696438518964,0.544194259905314,0.8634890354817659,0.47697270308578427,0.6554570071964594,0.8122143445999519,-0.0687551393130447,0.25136068819428203,
GF=F,-0.31042522944160517,-0.3048451887951486,-0.07132262011644822,-0.34276587081576937,-0.39486875343381056,-0.35722155397064587,-0.35658910675140504,-0.26500411645698757,0.3334152606596515,-0.49509607732245253,-0.40532272516148415,-0.4746101737655555,0.5547411089480551,-0.3446434352646356,-0.3093132086527271,-0.6379938142305345,0.2417495250406922,-0.5670666991224097,0.22019435640572194,0.7441911294810115,0.2750112619449012,-0.03973854290938374,0.26040781218710346,0.3382903733326892,0.3043921575911199,1.0,-0.2673873673755436,-0.10677636939077423,0.9048575933937348,0.3361963425503375,-0.2684495149620706,-0.13644788960052687,-0.2956658238726504,-0.17716595524718334,0.0011623530091640385,0.19126904587035004,0.04230854866069977,0.1501757479257655,0.4035994810105178,0.23994024547561296,-0.08095742124990718,0.07974708758351233,0.614246790495206,-0.41447012429457386,0.09976757258216197,
ZC=F,-0.3341160535485166,-0.32414878567283845,-0.43581863678681343,-0.5302035675885717,-0.24629665560761713,-0.2349693399755885,-0.2363930498780712,-0.15957969185038065,-0.6718839759973168,-0.13467482704063055,-0.17029802021025497,-0.3406055885902579,0.05869653060461795,-0.005192163624406059,0.22326418821020175,0.3596017001858573,0.6122535527959996,0.12832855312420952,0.6288592681818144,-0.40062866900072214,0.629595327918145,0.502201477192018,0.5674463004813611,0.43149150528568947,0.4993849186124051,-0.2673873673755436,1.0,0.6331387566858874,-0.0055577096866169335,0.3564478203022409,0.5732762718936876,0.7148720070593311,0.7866439822372511,0.8553682408585812,0.7516021295422819,0.7093249206722758,0.6271650011202509,0.5500909398201103,0.3856035066363212,0.7044612697814236,0.8361764319725048,0.8178597867821685,0.4020834878780748,0.4492485552123101,0.4204560749137202,
CT=F,-0.35358271820776876,-0.3365816919420474,-0.4048631255956259,-0.5338685960881551,-0.06531029245159398,-0.036360105890349236,-0.03891566536180953,0.07873800809751029,-0.42113555107178907,-0.06060671646123843,0.006439686685992881,-0.4907548737651935,0.2879177396446317,-0.1762005539149195,0.248436954669825,0.20445088710478773,0.6360542788121913,-0.14015970962340457,0.6499011209768829,-0.21893121978700988,0.6786297764071724,0.729844421079644,0.6860025099826015,0.5595255363146716,0.378908116682453,-0.10677636939077423,0.6331387566858874,1.0,0.10678131763198034,0.6407633926912986,0.5594786951515531,0.7690323937909622,0.5403104135521521,0.8002697337571677,0.7471634167706356,0.5500902029091964,0.5534190414325615,0.6322680977950844,0.5326360502502862,0.5823985686059318,0.7432269375339102,0.6697600297285073,0.4080751782268601,0.21721649528621664,0.38258309307512645,
LE=F,-0.3757454573435372,-0.3693482565927346,-0.14632276011322076,-0.5113497745406078,-0.47729713040519806,-0.44128064853624444,-0.44058572059594214,-0.3125835377767451,0.16108922397008615,-0.5561284401709349,-0.4834295875377473,-0.6359823605611638,0.641361579158236,-0.3586501331602525,-0.27363484966857277,-0.6072886438966899,0.4477197702316918,-0.6009399538076108,0.4257857546010143,0.6855961127139956,0.4738907110814498,0.14084239493475517,0.44985707818108694,0.4682759281828918,0.46304260994631546,0.9048575933937348,-0.0055577096866169335,0.10678131763198034,1.0,0.4720172023428591,-0.1039376235017905,0.031041800932923472,-0.12179273181433835,0.04789844050788215,0.22869608489318485,0.3953450750623291,0.2464383322829151,0.327804621887756,0.4936204308387458,0.4642104682999565,0.16396891317028367,0.3144625297630253,0.7585574832163182,-0.35100295329389325,0.17238086785313636,
NG=F,-0.3829879780358162,-0.3334038818093985,-0.3366111058770484,-0.6211355916026692,-0.25013588221536026,-0.2087030677170843,-0.22062583381094447,-0.12512493343045392,-0.15915458955513145,-0.319993132654231,-0.20592443832504584,-0.6062523325923107,0.47370680518125763,-0.03283411115318482,-0.050958354458929656,-0.14683610345641984,0.6842506136857985,-0.37341674703078875,0.6622036541618905,0.14918181701417346,0.6826920139562994,0.7546452894576287,0.6936946607583914,0.6064956576354886,0.44388913401645647,0.3361963425503375,0.3564478203022409,0.6407633926912986,0.4720172023428591,1.0,0.4697273483376082,0.4697683435289008,0.21109567825059425,0.46558283798866096,0.474746391721751,0.5190791367736857,0.5634717244629354,0.6325417086596409,0.552013959608888,0.5396155863763151,0.5700743754165727,0.6723393433825221,0.5824618652248599,-0.05385667921444707,0.280174239645091,
ZR=F,-0.3883661622262902,-0.38093366384709204,-0.4907368706491939,-0.5645099393432268,-0.36833613862635606,-0.35185147235158987,-0.35100502503458225,-0.3456462034278846,-0.6349718255454709,-0.18348275422552426,-0.2839828998076346,-0.3903374764380813,0.12136135995689434,-0.007798886085833291,-0.05514886427137637,0.21543825412300086,0.5940410373938361,0.06879320702323292,0.6224822477729453,-0.3258867296506935,0.5490128242957232,0.5484350201295463,0.5996135045160881,0.3724355703187465,0.5151158629751466,-0.2684495149620706,0.5732762718936876,0.5594786951515531,-0.1039376235017905,0.4697273483376082,1.0,0.4050015712681255,0.47866369307490814,0.49991655937174734,0.5425131511854847,0.6004572843422401,0.612984505636975,0.7041913490114567,0.31662337495923293,0.6165418760724363,0.6610025790925974,0.7007883531361611,0.40637964933918497,0.3806488694219439,0.4633670041470999,
HG=F,-0.3883923938904014,-0.3810873065471122,-0.5067732682746461,-0.3723984153315218,0.19788212249711476,0.2364478767376993,0.236786284915827,0.3382593421032509,-0.40166206417202444,0.26055599826694975,0.2972840533774629,-0.2263607385000131,-0.01779585589721861,0.1747788161301702,0.6151062757486325,0.5263947368306944,0.4563653603623176,0.15365902710085105,0.4732126874541565,-0.2770109224618557,0.4955178269689484,0.7139717749257715,0.4802496903004902,0.5019383515086795,0.1499139848905718,-0.13644788960052687,0.7148720070593311,0.7690323937909622,0.031041800932923472,0.4697683435289008,0.4050015712681255,1.0,0.7439027565801942,0.9112372289484691,0.6612163404681531,0.45540710242773697,0.5272323775137535,0.49947165257038134,0.45651015514451576,0.514314010975298,0.7632294741859391,0.6407005978532031,0.26139622150062825,0.45665113272701746,0.4891171587758624,
SI=F,-0.4447482610240384,-0.4417759212294918,-0.6021253823874563,-0.4746905232055018,-0.13179401270289165,-0.10089138246718271,-0.09958786092249451,-0.0815345712028481,-0.7664725432502867,0.05827804127645172,0.012775993699219767,-0.09078687719540214,-0.23048794229676997,0.08319651948427159,0.33464450981521077,0.6801110434946708,0.43172807920920875,0.4312235317824168,0.4841791353542073,-0.40752486063667825,0.4302298069150708,0.38414808079540147,0.4315179794638863,0.217113076675185,0.36651762957316103,-0.2956658238726504,0.7866439822372511,0.5403104135521521,-0.12179273181433835,0.21109567825059425,0.47866369307490814,0.7439027565801942,1.0,0.7575800830067986,0.7449890547594844,0.644581874951006,0.4790137626266627,0.5577840928589124,0.40049544303379403,0.6371068547592661,0.6902061848750072,0.6721344659808793,0.3057388808147986,0.6930578304797359,0.5892423911648835,
ZL=F,-0.47447606997046127,-0.4575763964083132,-0.5584954815587265,-0.46532895823800324,0.008989133041379565,0.04700899012896862,0.04531637106509795,0.14345712138216238,-0.47813553004451625,0.08252131743278467,0.10801578454048445,-0.2907621626567033,0.033902513359173186,0.04380375272908788,0.49076103659086967,0.4387084505062128,0.5296448239016798,0.12474205625781606,0.5443787961467412,-0.29683674539666277,0.5852382442709141,0.6602018049949826,0.5435089591168004,0.53275400828997,0.29991149924257043,-0.17716595524718334,0.8553682408585812,0.8002697337571677,0.04789844050788215,0.46558283798866096,0.49991655937174734,0.9112372289484691,0.7575800830067986,1.0,0.7723241404702386,0.5715003549545827,0.5694164124778446,0.5299445829273738,0.5168754324805054,0.6148143151069612,0.852672020809973,0.7367877556757049,0.35823951449937597,0.47599089978246967,0.5299369087658937,
SB=F,-0.47449075790185763,-0.4648999575363587,-0.5006396937926697,-0.7169144281494346,-0.4104049989449826,-0.37826973612147485,-0.37875291382841886,-0.30268110488612565,-0.7463349453569349,-0.3241599107456544,-0.30593048670903494,-0.5003628711022974,0.22366613630712745,-0.3714072421180952,0.014410519037497736,0.21546136273453692,0.7128881895676249,-0.03452224804179535,0.7424025294119215,-0.1864289775015487,0.711856707002245,0.4785546642302801,0.7270910997530527,0.4891342461076093,0.6615769963556493,0.0011623530091640385,0.7516021295422819,0.7471634167706356,0.22869608489318485,0.474746391721751,0.5425131511854847,0.6612163404681531,0.7449890547594844,0.7723241404702386,1.0,0.805238134486066,0.4987038654689378,0.7094488862162376,0.7371811413661125,0.7798634779923402,0.7105831567313776,0.7725951468345781,0.605053404939484,0.3350491203246781,0.49089099300478756,
AUDUSD=X,-0.48019690489203426,-0.4774640107057531,-0.46366811744437647,-0.926889217356073,-0.7402361393634791,-0.7223594328727025,-0.7216365655268099,-0.6331301132223095,-0.7520786436837412,-0.6314211107554827,-0.6657752141366766,-0.7076217247030794,0.43726903721212346,-0.37128053784348447,-0.2452439160611068,-0.05537447736810455,0.8607175067597626,-0.20502589384235118,0.8922522670687353,-0.12491067104773557,0.8596252487590652,0.3438290046422131,0.8499428768678344,0.5381193460740503,0.919964214445962,0.19126904587035004,0.7093249206722758,0.5500902029091964,0.3953450750623291,0.5190791367736857,0.6004572843422401,0.45540710242773697,0.644581874951006,0.5715003549545827,0.805238134486066,1.0,0.628908415064306,0.8699889262760647,0.5920664924512075,0.9561794446949877,0.7156608465597583,0.8300545737216224,0.8205516671996377,0.21274998653744356,0.47811715502268604,
ZM=F,-0.4927765116864581,-0.4811899427266659,-0.5333542975619664,-0.6911177006156534,-0.29619559436745646,-0.2613372237494804,-0.26207125039394,-0.14358107744587972,-0.4038130890683323,-0.18710535405759793,-0.2169651784698727,-0.5035733403658674,0.2845060982987014,0.18086914054953945,0.16935437041001355,0.07292645313022485,0.5962517005024104,-0.08508198249537449,0.622494063421799,0.021753023856526988,0.6325272691384806,0.5240565767592105,0.619967675893495,0.6032966692671391,0.45074285122734264,0.04230854866069977,0.6271650011202509,0.5534190414325615,0.2464383322829151,0.5634717244629354,0.612984505636975,0.5272323775137535,0.4790137626266627,0.5694164124778446,0.4987038654689378,0.628908415064306,1.0,0.7499235593436353,0.2509522632260096,0.7103215738751865,0.9029853631229998,0.7894164773510522,0.6043538410194443,0.2932181753184351,0.523569267653694,
EURUSD=X,-0.5004815346920289,-0.5027445628026763,-0.5232970602249881,-0.9331412471054426,-0.5686960795778908,-0.5417890879456106,-0.5398527916919896,-0.4484850419401817,-0.6652022182935377,-0.4410957286760397,-0.4867981630656145,-0.7010930465678895,0.4482017892372356,-0.21361216169798974,-0.08006807732194098,-0.009036256221273738,0.8137462839614782,-0.2134802161607141,0.8567012975092299,-0.05889220015415711,0.8122711959812068,0.4822160781747361,0.8653282088796194,0.6633860047134572,0.7700696438518964,0.1501757479257655,0.5500909398201103,0.6322680977950844,0.327804621887756,0.6325417086596409,0.7041913490114567,0.49947165257038134,0.5577840928589124,0.5299445829273738,0.7094488862162376,0.8699889262760647,0.7499235593436353,1.0,0.5424088253427861,0.8790901692252368,0.7589836635751136,0.7745056152262957,0.7794367469422713,0.21777870783949366,0.5359693700916683,
KC=F,-0.5032669511141096,-0.4844002729485513,-0.44432341071081755,-0.5774096434123713,-0.365620535271771,-0.318088552237948,-0.3214409212596443,-0.2716427526423212,-0.4040546408536999,-0.32730741729711393,-0.27637539803306993,-0.44865350982478536,0.2570214543071451,-0.45093046901460004,-0.06743662463065786,0.00930339990826751,0.5584865755794635,-0.17266417854612295,0.566080062002469,0.13670315524464832,0.5661204063976372,0.4555727282704306,0.5796440516557865,0.5192235764431533,0.544194259905314,0.4035994810105178,0.3856035066363212,0.5326360502502862,0.4936204308387458,0.552013959608888,0.31662337495923293,0.45651015514451576,0.40049544303379403,0.5168754324805054,0.7371811413661125,0.5920664924512075,0.2509522632260096,0.5424088253427861,1.0,0.5713017172429885,0.41550638358055386,0.5586477317712583,0.6117273500506772,0.11665320275088685,0.42113255757257206,
PL=F,-0.5292285216782733,-0.5269322933139633,-0.5050730080039466,-0.9206468028465423,-0.676369101685844,-0.653196982040283,-0.6521041326444439,-0.5361166887516489,-0.6739027463637796,-0.5609461848924683,-0.6066846528660977,-0.7438205738135346,0.4811303599289145,-0.30051348793053695,-0.14106177964788305,-0.06129306939083674,0.8734926422672125,-0.2455833730507544,0.8996168272958792,-0.02953215498562212,0.8784574245601822,0.4114364131393504,0.8711991261865741,0.6100684152577778,0.8634890354817659,0.23994024547561296,0.7044612697814236,0.5823985686059318,0.4642104682999565,0.5396155863763151,0.6165418760724363,0.514314010975298,0.6371068547592661,0.6148143151069612,0.7798634779923402,0.9561794446949877,0.7103215738751865,0.8790901692252368,0.5713017172429885,1.0,0.7831001483077692,0.8450724729718689,0.8573331647537805,0.20184719329749182,0.5199085692581441,
ZS=F,-0.5468449022347576,-0.5338017302377647,-0.615011979233939,-0.6927132307563556,-0.22719673502795062,-0.1895453146548929,-0.19035573888561919,-0.06964912909368613,-0.5299813371269185,-0.1138640346282645,-0.13027181575091468,-0.47395734146639207,0.20291887480088078,0.10322463067052946,0.3150602071144315,0.25360908367536417,0.6577637110504121,0.010571848104343473,0.6850350176998178,-0.15827716003079612,0.7104626110549798,0.6320462823227544,0.6795777199106043,0.6462248716627366,0.47697270308578427,-0.08095742124990718,0.8361764319725048,0.7432269375339102,0.16396891317028367,0.5700743754165727,0.6610025790925974,0.7632294741859391,0.6902061848750072,0.852672020809973,0.7105831567313776,0.7156608465597583,0.9029853631229998,0.7589836635751136,0.41550638358055386,0.7831001483077692,1.0,0.8680087292002804,0.5766112718945179,0.4300022578333314,0.599051931555534,
KE=F,-0.5900771918283532,-0.5715153974953232,-0.6180428071574743,-0.769880871917044,-0.4615885783782447,-0.4166757080904928,-0.4197768506682254,-0.3364175696912925,-0.6126560206394933,-0.3470174176393059,-0.34747182401245363,-0.5480136906997938,0.2526835481569662,-0.019544732862118323,0.011091163957753435,0.15336407290689832,0.7606685243365147,-0.04172419605142084,0.7818550310576302,-0.08510909536174367,0.7618895363453246,0.6417117812594318,0.7431303754286367,0.5630370555012458,0.6554570071964594,0.07974708758351233,0.8178597867821685,0.6697600297285073,0.3144625297630253,0.6723393433825221,0.7007883531361611,0.6407005978532031,0.6721344659808793,0.7367877556757049,0.7725951468345781,0.8300545737216224,0.7894164773510522,0.7745056152262957,0.5586477317712583,0.8450724729718689,0.8680087292002804,1.0,0.7019164185706925,0.3808916824264142,0.5958778090437031,
GBPUSD=X,-0.6120966123033729,-0.6109444096411337,-0.4640547835271803,-0.9091260336116572,-0.7675432826407314,-0.7239485440386101,-0.7222602483751103,-0.5971505323640502,-0.36622789012257256,-0.7185027560600021,-0.702840534290574,-0.7907042890218047,0.6456196968589392,-0.417036568571952,-0.30766467658163177,-0.3981974150675444,0.7540708597840164,-0.45263588592232745,0.7741077106079672,0.39357115134715714,0.7768508996439174,0.27770586918606843,0.7718041767190497,0.6257042611695156,0.8122143445999519,0.614246790495206,0.4020834878780748,0.4080751782268601,0.7585574832163182,0.5824618652248599,0.40637964933918497,0.26139622150062825,0.3057388808147986,0.35823951449937597,0.605053404939484,0.8205516671996377,0.6043538410194443,0.7794367469422713,0.6117273500506772,0.8573331647537805,0.5766112718945179,0.7019164185706925,1.0,-0.014695462078613114,0.4944017138497638,
ZF=F,-0.6258943120268529,-0.6333831091839378,-0.813842707485964,-0.08966011578923182,0.09422937025744647,0.15850898830801483,0.1655618775569156,0.09773599253763969,-0.41676170161827364,0.3582660101579094,0.30162691437117267,0.42414434630249337,-0.7026704724856323,0.37351101771376793,0.4409224113108759,0.7778160104089471,-0.1331896659296014,0.8635275411080124,-0.06885977507145331,-0.2930639900919282,-0.11665003411984101,0.21060408596291436,-0.09676221503362323,-0.11169871930861719,-0.0687551393130447,-0.41447012429457386,0.4492485552123101,0.21721649528621664,-0.35100295329389325,-0.05385667921444707,0.3806488694219439,0.45665113272701746,0.6930578304797359,0.47599089978246967,0.3350491203246781,0.21274998653744356,0.2932181753184351,0.21777870783949366,0.11665320275088685,0.20184719329749182,0.4300022578333314,0.3808916824264142,-0.014695462078613114,1.0,0.7995313408028267,
ZT=F,-0.9530127684495063,-0.9530410223641554,-0.9973361958634924,-0.4947542409257265,-0.25064537882686516,-0.1574665476769995,-0.15057353272863166,-0.1329550184020513,-0.34416841686462063,-0.020533047081340187,-0.03276551517642255,-0.03886486816734274,-0.22492564816951655,0.09900333863360884,0.2695172648715415,0.36343092858046605,0.1772257821666269,0.4425374495250134,0.23664992460169448,0.0880599246998042,0.22327754661946886,0.3220093788836218,0.24832209134749253,0.25859255141376525,0.25136068819428203,0.09976757258216197,0.4204560749137202,0.38258309307512645,0.17238086785313636,0.280174239645091,0.4633670041470999,0.4891171587758624,0.5892423911648835,0.5299369087658937,0.49089099300478756,0.47811715502268604,0.523569267653694,0.5359693700916683,0.42113255757257206,0.5199085692581441,0.599051931555534,0.5958778090437031,0.4944017138497638,0.7995313408028267,1.0,
trending,,,,,,,,,,,,,,,,,,,,,,,,,,,,,,,,,,,,,,,,,,,,,,
